3.816117346286773682e-01
2.303219884634017944e-01
2.399105727672576904e-01
1.866809576749801636e-01
5.341646671295166016e-01
-9.354876726865768433e-02
-6.732400041073560715e-03
5.133934319019317627e-02
-2.136672139167785645e-01
9.829939156770706177e-02
4.503044486045837402e-01
5.670974254608154297e-01
1.399280596524477005e-02
4.069796204566955566e-01
-2.489734888076782227e-01
1.879599243402481079e-01
2.474438697099685669e-01
1.531300544738769531e-01
-3.949611783027648926e-01
-3.297300636768341064e-01
