-7.503437995910644531e-02
4.677191972732543945e-01
-7.089078426361083984e-01
9.211004376411437988e-01
-5.099942907691001892e-02
3.007888235151767731e-02
-1.614401489496231079e-01
-7.083360552787780762e-01
5.316416025161743164e-01
-4.762855768203735352e-01
-8.219272494316101074e-01
4.402830004692077637e-01
-3.971884548664093018e-01
4.182686209678649902e-01
5.579330921173095703e-01
-2.593417651951313019e-02
-3.795649111270904541e-01
3.363400399684906006e-01
-4.427172988653182983e-02
9.033638238906860352e-01
-2.136296927928924561e-01
-5.082690119743347168e-01
5.861392021179199219e-01
-2.258522957563400269e-01
3.014973700046539307e-01
1.034710645675659180e+00
-4.140057861804962158e-01
3.263642787933349609e-01
2.166469246149063110e-01
2.825260460376739502e-01
-4.015070199966430664e-02
-1.976776868104934692e-01
-5.028198361396789551e-01
1.142851859331130981e-01
-5.468441247940063477e-01
-1.070140242576599121e+00
-2.500039637088775635e-01
2.312215603888034821e-02
-1.447609812021255493e-02
3.972289264202117920e-01
