-5.120187997817993164e-01
4.153480231761932373e-01
1.025467589497566223e-01
-5.507637560367584229e-02
2.749349474906921387e-01
-4.831893444061279297e-01
-7.625973820686340332e-01
2.888848781585693359e-01
-3.973496556282043457e-01
3.069193065166473389e-01
6.304362788796424866e-03
1.090806573629379272e-01
2.627020180225372314e-01
1.181932762265205383e-01
-4.642717838287353516e-01
5.254554152488708496e-01
3.774400353431701660e-01
4.481783509254455566e-02
8.227380365133285522e-02
3.008332550525665283e-01
