-6.363419294357299805e-01
-3.676132857799530029e-02
-1.004764676094055176e+00
-1.471911370754241943e-01
4.414893090724945068e-01
1.979547739028930664e-01
-9.361315965652465820e-01
9.144846796989440918e-01
-9.956282377243041992e-01
1.850632131099700928e-01
-3.197280317544937134e-02
-1.349103599786758423e-01
-3.472008407115936279e-01
3.341189622879028320e-01
1.323705762624740601e-01
4.133082032203674316e-01
-8.388414978981018066e-01
3.671217560768127441e-01
3.796957805752754211e-02
7.432606220245361328e-01
6.015992164611816406e-01
5.794829130172729492e-01
4.736160039901733398e-01
8.209801316261291504e-01
3.743627965450286865e-01
-1.966533958911895752e-01
-1.633839011192321777e-01
-3.567646443843841553e-01
-8.443232774734497070e-01
2.122586369514465332e-01
8.003926277160644531e-02
-2.551489770412445068e-01
-3.838697373867034912e-01
2.863495647907257080e-01
-8.795136958360671997e-02
9.904596209526062012e-01
5.278510451316833496e-01
-2.967795133590698242e-01
-7.572324872016906738e-01
5.295035839080810547e-01
