-1.261416673660278320e-01
5.248235911130905151e-02
4.350290596485137939e-01
-2.626372873783111572e-01
1.749367639422416687e-02
-4.489246010780334473e-02
4.405731451697647572e-04
1.113215386867523193e-01
-9.174516201019287109e-01
-8.311711251735687256e-03
-4.670386016368865967e-02
-1.823296397924423218e-01
1.233643218874931335e-01
2.258948385715484619e-01
2.877753376960754395e-01
5.439646169543266296e-02
-1.799778491258621216e-01
-1.956837177276611328e-01
1.285167187452316284e-01
4.799259006977081299e-01
