-1.192270070314407349e-01
-7.495548110455274582e-03
7.115261256694793701e-02
-2.115777581930160522e-01
4.431230947375297546e-03
-2.448994293808937073e-02
2.609066367149353027e-01
-2.450092881917953491e-01
1.025671958923339844e+00
2.182840406894683838e-01
1.051105737686157227e+00
-7.110417634248733521e-02
1.833876967430114746e-02
-2.240109741687774658e-01
-6.563734412193298340e-01
1.737434417009353638e-01
8.554236292839050293e-01
8.807519674301147461e-01
3.742718696594238281e-02
-5.086980462074279785e-01
4.486272037029266357e-01
-5.692507624626159668e-01
-1.061542987823486328e+00
1.058024644851684570e+00
-8.559767603874206543e-01
-4.356958717107772827e-02
1.302418857812881470e-01
-6.717073321342468262e-01
-1.552250832319259644e-01
-6.143999695777893066e-01
4.727684333920478821e-02
5.722962021827697754e-01
-3.941672742366790771e-01
-5.820215120911598206e-02
2.165679335594177246e-01
2.802763581275939941e-01
8.374596834182739258e-01
-1.674111187458038330e-01
1.957096308469772339e-01
6.263023018836975098e-01
