5.8  0.008071001241915647   -5.809192974130851e-07  0.9999989988968598  -2.4989991653162486e-06  1.8697024265462556  -1.1953034588355972e-05  4.983448039486213  -6.131669438173373e-05  17.183925049870435  
6.5  0.0008368557568423663   6.195137343698369e-06  1.0000099713948145  3.248779766065369e-05  2.2147442424726402  0.00019398615499375204  7.238564988662272  0.0012767916700264397  31.003446812729695  
7.5  8.186189068325073e-05   -1.3521707396496885e-05  0.9999761428667989  -8.391870153013907e-05  2.5160924056019187  -0.0006065633102382314  9.6850350037618  -0.00494571156272806  49.60222914817821  
8.5  1.186278692753026e-05   1.3556591291087953e-05  1.0000273956453993  9.331996170467841e-05  2.692703880857122  0.0007580876107930832  11.373657233889976  0.0070485857882258245  64.69564776313624  
9.0  1.0350675970631062e-05   -0.0005765595478402052  0.9983166126904924  -0.004310749496125887  2.739507622672781  -0.039073357252228394  11.897302571240063  -0.4075405065630601  70.09459247898835  
5.8  0.008071001241915846   -5.809192932933272e-07  0.9999989988968595  -2.4989992323773916e-06  1.8697024265462432  -1.1953034852692944e-05  4.983448039486462  -6.131669525941413e-05  17.18392504987348  
6.5  0.0008368557572658499   6.1955789746353795e-06  1.0000099721424516  3.248989069692746e-05  2.2147442476218187  0.0001939999708211847  7.238565026190623  0.0012768899753853899  31.003447096239583  
7.5  8.186189113539843e-05   -1.3521140748479005e-05  0.9999761436740335  -8.39156671664146e-05  2.516092413156644  -0.0006065385631431271  9.68503507802698  -0.004945490758198262  49.60222994065726  
8.5  1.1862786510312376e-05   1.3555056771896833e-05  1.0000273918801879  9.330965511030212e-05  2.6927038472557316  0.0007580161973015223  11.37365691027748  0.007048002881971734  64.69564427363481  
9.0  1.035064410380408e-05   -0.0005765555659839657  0.9983166218614217  -0.0043107222804042045  2.73950770981466  -0.039073134239088404  11.89730347847584  -0.40753839665286673  70.09460319035425  
5.8  0.05883131201164188   -0.0692017003439385  6.229915580814802  -0.43310221351858036  38.85895654506988  -2.713771252199081  242.67344858150122  -17.02397449095819  1517.298329834805  
6.5  0.1840442185143504   -0.1445482885458691  8.558143404834105  -1.2473534008904383  73.40883299137398  -10.786882721196692  631.0874890011542  -93.47980115965416  5437.349402325634  
7.5  16.4177235763705   -0.05491326240299747  11.643848522587666  -0.6498854738163571  136.13449285560216  -7.719009617306853  1597.9347053074407  -92.00468840723866  18828.56939841043  
8.5  12.456012376362505   -0.07210810516624418  15.554446731480816  -1.1472212537734148  243.15795914233578  -18.32831840774838  3819.5659343313746  -294.00525305271987  60277.15053192705  
9.0  0.0007553357107738067   -3.1384728898843535  24.26118600055286  -76.61602067370718  589.8769071493723  -1874.1545336725428  14372.524607298868  -45937.00377217135  350923.5665188142  
5.8  0.008071003773095723   1.028128836080959e-06  0.9999999181709788  4.1051859101546225e-06  1.869708302495069  1.814253867184274e-05  4.9834807447256155  8.851621378506042e-05  17.18410652430113  
6.5  0.000836858548864173   -2.733027572112198e-06  0.9999966927551587  -1.1093593608118157e-05  2.214657491142347  -5.265426149203377e-05  7.237937254473338  -0.00029107340812618165  30.998762256993075  
7.5  8.186028140458192e-05   2.7364966713335674e-06  1.0000062663650764  2.138240518473323e-05  2.5163048512601396  0.0001370455719270393  9.686522051760205  0.0009627849210279018  49.61350025885855  
8.5  1.235960081011539e-05   0.0003661938221228902  0.9994174180787139  0.001893383123645922  2.688180737922497  0.011806000450881291  11.330021991844976  0.08856540562608314  64.22682910364303  
9.0  3.6476416620239705e-05   0.001479288761504463  0.9995333725086685  0.007426809698367485  2.742124371284147  0.045375249253575514  11.849170239206721  0.33127414246397474  68.43212073354336  
5.8  0.008071003773095723   1.028128836080959e-06  0.9999999181709788  4.1051859101546225e-06  1.869708302495069  1.814253867184274e-05  4.9834807447256155  8.851621378506042e-05  17.18410652430113  
6.5  0.000836858548864173   -2.733027572112198e-06  0.9999966927551587  -1.1093593608118157e-05  2.214657491142347  -5.265426149203377e-05  7.237937254473338  -0.00029107340812618165  30.998762256993075  
7.5  8.186028140458192e-05   2.7364966713335674e-06  1.0000062663650764  2.138240518473323e-05  2.5163048512601396  0.0001370455719270393  9.686522051760205  0.0009627849210279018  49.61350025885855  
8.5  1.235960081011539e-05   0.0003661938221228902  0.9994174180787139  0.001893383123645922  2.688180737922497  0.011806000450881291  11.330021991844976  0.08856540562608314  64.22682910364303  
9.0  3.6476416620239705e-05   0.001479288761504463  0.9995333725086685  0.007426809698367485  2.742124371284147  0.045375249253575514  11.849170239206721  0.33127414246397474  68.43212073354336  
5.8  0.008071003773095723   1.028128836080959e-06  0.9999999181709788  4.1051859101546225e-06  1.869708302495069  1.814253867184274e-05  4.9834807447256155  8.851621378506042e-05  17.18410652430113  
6.5  0.000836858548864173   -2.733027572112198e-06  0.9999966927551587  -1.1093593608118157e-05  2.214657491142347  -5.265426149203377e-05  7.237937254473338  -0.00029107340812618165  30.998762256993075  
7.5  8.186028140458192e-05   2.7364966713335674e-06  1.0000062663650764  2.138240518473323e-05  2.5163048512601396  0.0001370455719270393  9.686522051760205  0.0009627849210279018  49.61350025885855  
8.5  1.235960081011539e-05   0.0003661938221228902  0.9994174180787139  0.001893383123645922  2.688180737922497  0.011806000450881291  11.330021991844976  0.08856540562608314  64.22682910364303  
9.0  3.6476416620239705e-05   0.001479288761504463  0.9995333725086685  0.007426809698367485  2.742124371284147  0.045375249253575514  11.849170239206721  0.33127414246397474  68.43212073354336  
5.8  0.008071003773095723   1.028128836080959e-06  0.9999999181709788  4.1051859101546225e-06  1.869708302495069  1.814253867184274e-05  4.9834807447256155  8.851621378506042e-05  17.18410652430113  
6.5  0.000836858548864173   -2.733027572112198e-06  0.9999966927551587  -1.1093593608118157e-05  2.214657491142347  -5.265426149203377e-05  7.237937254473338  -0.00029107340812618165  30.998762256993075  
7.5  8.186028140458192e-05   2.7364966713335674e-06  1.0000062663650764  2.138240518473323e-05  2.5163048512601396  0.0001370455719270393  9.686522051760205  0.0009627849210279018  49.61350025885855  
8.5  1.235960081011539e-05   0.0003661938221228902  0.9994174180787139  0.001893383123645922  2.688180737922497  0.011806000450881291  11.330021991844976  0.08856540562608314  64.22682910364303  
9.0  3.6476416620239705e-05   0.001479288761504463  0.9995333725086685  0.007426809698367485  2.742124371284147  0.045375249253575514  11.849170239206721  0.33127414246397474  68.43212073354336  
