Set of all moments:
############################ bi-modal
3.9131189438276228e-04  9.9863961683190317e-01  -2.1383865299656474e-01  1.3907864333955526e+00  -8.5034274226358286e-01  2.5769040827007763e+00  -2.7938721171484526e+00  6.2780096625562196e+00 

1.1595312268980529e-04  9.9908289239214509e-01  -4.0515839038781326e-01  1.7587247535475070e+00  -1.8592598693132190e+00  4.8272875315265535e+00  -8.1007277908152684e+00  1.8705073179593668e+01 

-1.8759946408614083e-16  1.0000000000000029e+00  -6.4800000000000069e-01  2.3995000000000064e+00  -3.7152000000000047e+00  1.0186804000000008e+01  -2.2780245600000008e+01  6.2206467129999879e+01 

#############################      BGK
-4.7048255978238940e-16  1.0000000000997857e+00  1.1760000001172916e-03  1.1552641601152787e+00  4.2304640004217110e-03  1.5024404939739224e+00  1.0917358745408225e-02  2.1620792633543795e+00

-3.8692942387666233e-16  1.0000000000968854e+00  5.5550306607727066e-04  2.1286084907476321e+00  1.9983296963704917e-03  8.6242043464864899e+00  5.1569951156232160e-03  5.6422805895941600e+01

-1.9588037756141267e-16  1.0000000000897540e+00  1.5915429310073241e-04  2.7503421528437233e+00  5.7253104371497623e-04  1.3173303962410987e+01  1.4775038379926878e-03  9.1082400877787478e+01

2.2016912102903080e-17  1.0000000000999523e+00  7.9238256718107807e-06  2.9875702679813809e+00  2.8504642217242450e-05  1.4909054160920576e+01  7.3560584598375249e-05  1.0430708355100458e+02


############################ Boltz
-5.809192932933272e-07  0.9999989988968595  -2.4989992323773916e-06  1.8697024265462432  -1.1953034852692944e-05  4.983448039486462  -6.131669525941413e-05  17.18392504987348 
 
6.1955789746353795e-06  1.0000099721424516  3.248989069692746e-05  2.2147442476218187  0.0001939999708211847  7.238565026190623  0.0012768899753853899  31.003447096239583  

-1.3521140748479005e-05  0.9999761436740335  -8.39156671664146e-05  2.516092413156644  -0.0006065385631431271  9.68503507802698  -0.004945490758198262  49.60222994065726  

1.3555056771896833e-05  1.0000273918801879  9.330965511030212e-05  2.6927038472557316  0.0007580161973015223  11.37365691027748  0.007048002881971734  64.69564427363481  

-0.0005765555659839657  0.9983166218614217  -0.0043107222804042045  2.73950770981466  -0.039073134239088404  11.89730347847584  -0.40753839665286673  70.09460319035425  
