2.336672991514205933e-01
2.999141216278076172e-01
5.048412084579467773e-01
1.346118152141571045e-01
3.109797239303588867e-01
2.279560267925262451e-02
1.766676604747772217e-01
2.562794983386993408e-01
-3.311457335948944092e-01
4.776809811592102051e-01
3.591888546943664551e-01
3.881430625915527344e-01
3.451997339725494385e-01
-8.458578586578369141e-01
1.981234997510910034e-01
-4.976664483547210693e-01
1.148660331964492798e-01
2.632656395435333252e-01
1.973710805177688599e-01
5.801605582237243652e-01
