-8.111993223428726196e-02
-2.903097867965698242e-01
-1.308807849884033203e+00
-1.746193170547485352e-01
4.286674261093139648e-01
-1.289958208799362183e-01
-2.489379197359085083e-01
1.983876712620258331e-02
1.034985110163688660e-01
-7.280806303024291992e-01
9.320237487554550171e-02
-4.937150180339813232e-01
5.471844077110290527e-01
-7.621961832046508789e-01
-4.308134317398071289e-01
-2.211404591798782349e-01
-4.341001510620117188e-01
1.723504811525344849e-02
6.387221217155456543e-01
-1.484252065420150757e-01
-1.672047674655914307e-01
1.082345768809318542e-01
-8.570816516876220703e-01
2.266023904085159302e-01
-1.504352092742919922e-01
-8.827555179595947266e-01
7.067113518714904785e-01
-7.399076223373413086e-01
-2.512953579425811768e-01
8.291072398424148560e-02
-8.602910041809082031e-01
-1.033242106437683105e+00
-3.702631890773773193e-01
7.877659797668457031e-01
-1.578375697135925293e+00
3.643378913402557373e-01
-1.429295446723699570e-02
-5.494213104248046875e-01
-5.259823799133300781e-01
1.982789337635040283e-01
