#q1           q2            q3            q4            q5            q6            lamb1         lamb2         lamb3         lamb4         lamb5         lamb6         
-2.3680944167644848e-14  9.9999999999999156e-01  -2.2700935035829201e-01  1.7006569980824076e+00  -8.8066820451902450e-01  3.7970045801271315e+00  -4.5653697955926553e-01  -1.2970855195420006e+00  1.7433821748459521e-01  5.8107831792076503e-01  5.4187807055148612e-02  -8.4372815361326997e-05  
6.4622170314224910e-16  1.0000000000000007e+00  -2.5865879410947734e-01  2.2963484657096949e+00  -7.1662110108945720e-01  5.9418354245676852e+00  -2.1471335536455634e+00  5.4749745633361169e+00  1.9933160040239752e+00  -4.0025166557700711e+00  -4.1208650925771073e-01  7.5411489266949827e-01  
8.4739055399222985e-15  9.9999999999999811e-01  -2.6598437747049308e-01  2.1261147601423342e+00  -1.5259193487699216e+00  5.5274793432224545e+00  2.1608464781544203e+00  3.8305618105123571e+00  -4.3079005607586538e+00  -3.6659194703702234e+00  1.4876644458596613e+00  9.7779094269023270e-01  
2.5523086856034428e-15  9.9999999999999600e-01  -3.1548170534415942e-01  1.8845719759497530e+00  -7.6122773530089949e-01  4.2887768706544138e+00  -2.6554585668650912e+00  1.3874496861637167e+00  2.8478009857966171e+00  -1.3945340008820604e+00  -6.4231327444741981e-01  3.4928580755317462e-01  
1.2681249209567387e-15  9.9999999999999400e-01  -3.5542836579696568e-01  1.7580271226607533e+00  -8.1253561355983850e-01  3.6482565127406801e+00  -4.1190785555835934e+00  1.9531600716746964e+00  4.6716109273871007e+00  -2.4071999146306249e+00  -1.1522523499879149e+00  6.5425816079548282e-01  
-2.0262984996458673e-14  1.0000000000000131e+00  -2.9198512084908612e-01  2.0644520746125754e+00  -9.7483923215934531e-01  6.1836233597252441e+00  -8.9381474953575557e-01  -1.2565407514144794e-01  7.1373127395733005e-01  1.1871733616675564e-01  -1.0126241699741692e-01  1.0850892639420146e-02  
-2.8565676229380006e-15  1.0000000000000200e+00  -3.3270550068953075e-01  2.1635020182921005e+00  -9.4107812107192101e-01  4.8602193987327018e+00  -1.7772621241204700e+01  4.4246363035931779e+01  1.2924210976719902e+01  -4.0193617861388439e+01  -2.1786759605963577e+00  9.0185062535098091e+00  
1.0113390099481445e-14  1.0000000000000202e+00  -1.8299751820608728e-01  2.1279293016714873e+00  -1.1909150580986239e+00  5.9646850739699868e+00  6.1863647182840964e-01  7.6943713736245001e-01  -1.0947590942987446e+00  -6.1560280664871048e-01  3.2099309240762181e-01  1.6796990948003171e-01  
-1.0006937717409756e-15  1.0000000000000016e+00  -2.8439091736245414e-01  1.9105416471777898e+00  -1.4213983312016711e+00  4.9396004243179696e+00  3.5815960925809409e-01  -3.8894206201272652e-01  -1.0996795920488349e+00  -9.2401289124854541e-02  4.3696655610995777e-01  1.5694019668392678e-01  
-7.9397074950878857e-15  1.0000000000000007e+00  -2.4633436902717018e-01  1.8389396447587893e+00  -1.1793661642936966e+00  3.9305009017853649e+00  4.2781178376629612e+00  7.2006520132499654e+00  -9.4758268245638906e+00  -8.9271707872636092e+00  3.8966934963461579e+00  2.8936212639369607e+00  
-4.3244561032261823e-15  1.0000000000000013e+00  -2.5726961753332883e-01  1.8320767715577098e+00  -8.0527130861173712e-01  3.5608045479431056e+00  -2.1668921811838535e+00  1.4897808653767971e+01  -2.0504175876826394e-01  -1.5770748908504196e+01  7.4443461346987072e-01  4.1945754393176466e+00  
-3.3446720739739827e-15  9.9999999999999867e-01  -2.5428219487392706e-01  2.0348597871297325e+00  -1.4061075920973409e+00  5.5487413622603468e+00  4.3934039899603838e-01  2.4999073787339426e-01  -1.0443254471206544e+00  -3.7614862359022377e-01  3.5885076053575415e-01  1.5883215084466878e-01  
1.4943423042790693e-14  9.9999999999996259e-01  -2.1841082444366963e-01  1.6668608789748012e+00  -1.3664484622659996e+00  4.6240218887044380e+00  1.3723733945771133e+00  -3.2414285038208686e+00  -2.8923276040181625e+00  1.1689692498338027e+00  1.2151243343285578e+00  2.1971123948410939e-01  
-3.2488421228480464e-15  9.9999999999999933e-01  -2.7709025640568963e-01  2.0829914967229799e+00  -1.4733251335878843e+00  5.5675952522538541e+00  6.6873402958175276e-01  1.2921814830859322e+00  -1.5612700008464389e+00  -1.1966849061078166e+00  5.3918693605442258e-01  3.3109821732775641e-01  
-1.2131513516211929e-15  9.9999999999999889e-01  -3.3632710587082620e-01  2.1996462784603201e+00  -1.5804482857264406e+00  5.9159274900984604e+00  7.1247846815721799e-02  2.5573464105240662e+00  -9.2516670089832109e-01  -1.9440670392013912e+00  3.7243630375572079e-01  4.2258665801395467e-01  
-2.2569406507793029e-14  9.9999999999996969e-01  -3.2807606976888909e-01  1.9385307280604827e+00  -9.2234472761308794e-01  5.0822009961893801e+00  -1.5131107790607166e+00  -2.2567801007597016e-01  1.3891320413679606e+00  6.1700504963930605e-02  -2.4262509301298890e-01  4.0049110833414149e-02  
#q1           q2            q3            q4            q5            q6            lamb1         lamb2         lamb3         lamb4         lamb5         lamb6         
1.1152205057742985e-13  9.9999999999977829e-01  -2.7001671273785705e-01  1.8540766602616219e+00  -1.1079377313556056e+00  5.2568761114994054e+00  -5.8331192490526163e-01  -7.9755931300518457e-01  3.4027362753337043e-01  4.0043988576677025e-01  -3.3434561478103892e-03  -3.9179757084845755e-03  
4.3401386629168683e-05  1.0001131907208514e+00  -2.4976835076260628e-01  1.6202264906562318e+00  -9.8068376179340211e-01  3.3706499812202582e+00  3.7811221491519595e-02  -1.6834175980100876e+00  -8.1247177186053876e-01  5.2426353220983013e-01  4.5378061765436634e-01  1.2785858436007497e-01  
2.3049978587738272e-14  1.0000000000000531e+00  -2.0484905119876676e-01  1.9560918713605622e+00  -6.2410043773070978e-01  6.2463295364241782e+00  -6.0671942603753548e-01  -3.7820434017354754e-01  4.7882527484490695e-01  2.1697876776536718e-01  -6.5130561660905389e-02  3.9945516123858354e-03  
1.1579929218934176e-14  1.0000000000000064e+00  -2.3027626616400734e-01  1.9326678696191095e+00  -1.2051060014532435e+00  4.1992425813912462e+00  8.4123253522400727e+00  1.6702853527505564e+01  -1.8105306252372205e+01  -1.9209953524634148e+01  7.3024279381344019e+00  5.8579399182311542e+00  
-4.2032286346656742e-15  1.0000000000000104e+00  -3.3108867193667413e-01  2.1626623014626323e+00  -1.0331468266190016e+00  5.7114833765183111e+00  -1.6476063181501801e+00  1.7722775351856450e+00  1.4868561829774891e+00  -1.1784607101164681e+00  -2.7561125150113452e-01  2.2478119651009582e-01  
-2.8771177126606751e-14  1.0000000000000240e+00  -3.5475291427849853e-01  1.8763643839908843e+00  -1.7093843740392400e+00  5.3732879054283975e+00  -3.0330290392771631e-01  -1.3681380788385167e+00  -2.4784236611773880e-01  6.3303757430000718e-01  2.3088123905638705e-01  2.1544693052227830e-02  
1.6399047985638291e-14  1.0000000000000198e+00  -3.0507025511286162e-01  1.9297239116821834e+00  -1.2287434752186779e+00  4.1926113005747743e+00  1.0920145359859261e+00  7.8211916076697161e+00  -4.1246847192372194e+00  -8.0755824573858614e+00  1.8219207709637089e+00  2.1907828458436422e+00  
-8.3541549619755628e-14  1.0000000000001250e+00  -1.9981753981797151e-01  1.5831205501873826e+00  -1.3101330952535808e+00  3.7705765915076901e+00  2.6907065377687829e+01  -1.8787863743479296e+01  -5.2618589754192037e+01  -1.9778064279907770e+00  2.4144632099569979e+01  7.8556158740965563e+00  
1.0269714293548774e-14  1.0000000000000049e+00  -3.8990161978541754e-01  2.2900416634390730e+00  -9.8793379079810095e-01  5.7009762936157991e+00  -7.9278947455007867e+00  1.3546955560725157e+01  7.1806197447382818e+00  -1.1007879053341508e+01  -1.5456136832970986e+00  2.2073552991987735e+00  
-1.3161962848507568e-16  1.0000000000000060e+00  -2.4521113953653093e-01  2.0640013736648468e+00  -7.5900784721929537e-01  4.5616025104449873e+00  -2.3820461838977209e+00  1.0806212554176858e+01  1.5037490930746564e+00  -9.7187509592750665e+00  -1.6066144981238600e-01  2.1966742190303119e+00  
2.1483927044997301e-13  9.9999999999974798e-01  -3.6353107578619404e-01  1.5752016656124279e+00  -6.6884120503866640e-01  5.0731506135979698e+00  -2.3500421344829219e+00  -2.1730654308769548e+00  2.3389375494911628e+00  8.5420992131988105e-01  -4.1601267996598723e-01  3.6910548747543452e-02  
5.5555902617378181e-14  1.0000000000000215e+00  -2.8047962818530481e-01  2.3056498180042087e+00  -1.2939296340912503e+00  5.6116174013113529e+00  7.2586962106874597e-01  2.5443086417647319e+01  -6.9511036981815808e+00  -2.1904526539361331e+01  2.9175611249945606e+00  4.9052157016913878e+00  
-2.5235913172063203e-15  1.0000000000000080e+00  -1.4674566669512937e-01  2.0954321426856213e+00  -8.3583446898550440e-01  5.6650729676021356e+00  1.5413931122153665e-01  5.8592942482030674e-01  -3.9832594138463612e-01  -3.9537524129734875e-01  1.2641005140987380e-01  1.0282305570686398e-01  
2.3731389160770846e-15  9.9999999999998324e-01  -2.8484080448575627e-01  2.0900555831451086e+00  -1.6461362799712482e+00  5.5488966150278953e+00  2.2131154699348290e+00  2.5926560624423383e+00  -4.3737505753519699e+00  -2.7786613120969799e+00  1.5337758312454104e+00  8.3894956893504413e-01  
-2.5230452313825512e-15  1.0000000000000366e+00  -2.4856208812522407e-01  1.9033950310307721e+00  -1.7799654100015470e+00  5.6457920314595960e+00  2.9142195713271626e+00  -1.7926532588023765e+00  -5.3604744292973923e+00  -6.9997654584407806e-02  2.0042959719772888e+00  5.5967626032514728e-01  
-1.1276495581150413e-15  1.0000000000000013e+00  -1.6112047898629200e-01  1.3746225521643129e+00  -8.4735321954810794e-01  3.6714643483618485e+00  5.7301596621976469e-01  -5.0523534692077563e+00  -1.8793875467120289e+00  2.1958370742306155e+00  1.0257349942961003e+00  1.1204857406882035e-01  
-3.6353517180532813e-15  9.9999999999998557e-01  -1.9741704355180287e-01  2.1865206981890424e+00  -9.4147701132296491e-01  5.6650054025857921e+00  8.3494151286260879e-02  2.9928451786336687e+00  -6.0064188020781994e-01  -2.2020766050333256e+00  2.2586565707870970e-01  4.4075744175431097e-01  
-1.3817655865573219e-14  1.0000000000000373e+00  -3.0576371612365305e-01  1.7604373186616313e+00  -1.5970614348510959e+00  5.9813534867224138e+00  -2.6222505889491132e-01  -1.8253230317206217e+00  -3.2642050949194601e-01  8.1160591972208884e-01  2.8035059451588074e-01  2.4375297847780121e-02  
1.2653614088965886e-14  1.0000000000000127e+00  -1.3949648791071312e-01  2.2167397514861653e+00  -7.5921843926497812e-01  5.5402576770070473e+00  7.0571476313966219e-01  5.6104064194413290e+00  -1.5509428137881569e+00  -4.4262445005330449e+00  5.0798379677930838e-01  9.1168490603477592e-01  
-3.4413462413714220e-16  9.9999999999999822e-01  -2.1557622824366074e-01  2.1014790120527569e+00  -1.1328856295968746e+00  5.6451629609622831e+00  1.6276289397591392e-01  9.1176775377350006e-01  -5.7276249439245119e-01  -6.8032381776401207e-01  2.0029829326164522e-01  1.6708589828715448e-01  
-2.2797617175458497e-15  1.0000000000000087e+00  -2.9517675173503655e-01  1.8127721267299151e+00  -6.3528033709640230e-01  5.4086838585418509e+00  -1.4246551690545570e+00  -7.6857746367847879e-01  1.3329928009732819e+00  2.8930984039078456e-01  -2.3501754183319779e-01  2.6908549006092825e-02  
-1.6003636298422537e-14  1.0000000000000664e+00  -2.4453558106998194e-01  2.2107002806621177e+00  -1.4114497903885843e+00  5.4813868353455204e+00  4.1964379721641167e+00  1.2325308051331472e+01  -8.9941512577317368e+00  -1.1422108895484275e+01  3.2299617034233656e+00  2.8444533565934722e+00  
#q1           q2            q3            q4            q5            q6            lamb1         lamb2         lamb3         lamb4         lamb5         lamb6         
-2.2383476476106849e-14  9.9999999999993539e-01  -2.5032690762809051e-01  2.0416680893213757e+00  -1.0166779390427469e+00  5.6483818695282206e+00  -6.1127445495483479e-01  -2.0183602047562127e-01  4.4392147758453093e-01  1.6682509051703728e-01  -5.2296823714833886e-02  3.2102858722215331e-03  
1.5174861350448645e-14  9.9999999999999556e-01  -3.0291769590852585e-01  1.8892302611171590e+00  -1.7512449556932363e+00  5.2657073055320005e+00  1.8213237863869649e+00  -1.3246438793375193e+00  -3.7429604086672801e+00  -6.5855643735412139e-02  1.4655094377195186e+00  4.2975729862147755e-01  
-1.2881577578921864e-16  9.9999999999999534e-01  -2.2043633221736783e-01  1.8695972394739677e+00  -6.6023112409636364e-01  3.8902682111821405e+00  -1.4497897424543074e+00  5.3327555430154696e+00  1.0858600967819803e+00  -5.1907713130211519e+00  -1.4966141111913178e-01  1.2585734295650097e+00  
-5.8014195750144610e-15  1.0000000000000009e+00  -3.4057911548775993e-01  2.1685925943921207e+00  -1.7616488888163959e+00  5.8014125807428583e+00  1.3389621615706633e+00  3.3071942727024779e+00  -3.1662563271046604e+00  -3.0034755739736578e+00  1.1375980903356862e+00  7.8210925199231873e-01  
-7.4319159150278872e-15  1.0000000000000120e+00  -3.4378928545098281e-01  2.3584550862061633e+00  -1.2989615101744536e+00  6.2264775029506287e+00  -1.4198579042106618e+00  6.2961665249105074e+00  5.9306762197680452e-01  -4.5754222990691513e+00  6.0097767036855999e-03  8.6250163464808050e-01  
-5.3182121617483821e-15  1.0000000000000233e+00  -1.9151199433399346e-01  1.6888400232779772e+00  -7.5057566987367030e-01  4.2245346249183493e+00  -5.0167933150558475e-01  -1.2656958783261858e+00  3.1260545136677415e-01  5.6741027190948068e-01  -3.0650279069849681e-03  -5.5406782633382534e-03  
-8.1942704965426298e-15  9.9999999999997713e-01  -3.9475237692861853e-01  1.8875616220924449e+00  -8.8887304476373841e-01  4.4276228948918614e+00  -3.7166136882418837e+00  1.1877944225269617e+00  3.9936972758799998e+00  -1.3340273273347636e+00  -8.9818706980591767e-01  3.5513184772582318e-01  
-2.0435654480491119e-14  1.0000000000000018e+00  -3.7070987840930869e-01  2.3153570239121044e+00  -9.9122752679646675e-01  5.8492585875159540e+00  -5.4644027687094017e+00  1.0649721798238328e+01  4.8684421921441166e+00  -8.3590999180991190e+00  -1.0188508958443190e+00  1.6378865785651942e+00  
-1.0720191261196994e-04  9.9989481571538208e-01  -2.5515836270263015e-01  1.4041321154604103e+00  -1.0261371987595831e+00  2.7411497553855320e+00  3.8506403705150660e+00  -7.4691749363618651e+00  -9.4291294796188190e+00  2.1787959578186307e+00  4.9684273649663098e+00  1.3360329796971593e+00  
4.5690685964078854e-14  9.9999999999995004e-01  -3.0386332850067826e-01  1.9017742890699496e+00  -1.4291820983181556e+00  5.0812489337795901e+00  -3.1511690631916534e-01  -9.1110665050929851e-01  -5.9610977426244410e-02  4.4107518779280752e-01  1.1532680592211469e-01  7.7633720794361791e-03  
-5.9369979908857934e-15  1.0000000000000193e+00  -2.7038698423053437e-01  1.9487235199269968e+00  -1.8542031542992827e+00  5.8263111624155668e+00  2.4972054414550655e+00  -1.3566715542152554e+00  -4.6430011956442190e+00  -1.6720465629181902e-01  1.7148032226533485e+00  4.9054572338170666e-01  
-1.9276224419793352e-14  1.0000000000000109e+00  -2.7079009855732450e-01  1.8551042009016687e+00  -1.8487425125839172e+00  6.3339011981200048e+00  7.0474847738421298e-01  -2.2631440951895110e+00  -1.6548290371634304e+00  8.7813211909842248e-01  6.8865522243277844e-01  1.0608466801224262e-01  
-4.9000625700308276e-15  1.0000000000000002e+00  -2.8292304678604785e-01  2.1905158388282078e+00  -1.1508532782903826e+00  6.1411246242560660e+00  -7.2194859813939272e-01  7.7322449223115253e-01  5.0615110034079258e-01  -4.0030210083621987e-01  -6.2193854201591153e-02  8.2307096262990070e-02  
3.2130723905549810e-14  9.9999999999998102e-01  -3.1790448975166369e-01  1.9543557724239005e+00  -1.2978624048018428e+00  6.2441816329687807e+00  -6.2678078566248852e-01  -6.0332024536669104e-01  3.5456970216367700e-01  3.3743610067409430e-01  -3.4904124292369923e-03  -3.3073456252562155e-03  
-5.8466457157049600e-14  9.9999999999998890e-01  -3.4322649530705457e-01  1.4096300404004394e+00  -6.8236728435218519e-01  3.1050104580883859e+00  -3.4716647038829636e+00  -3.5340244904052023e+00  3.9388758567182127e+00  1.2945766745273812e+00  -8.7442209968616647e-01  9.8815920544568031e-02  
3.5804183890812712e-13  9.9999999999924249e-01  -2.4263157089616919e-01  1.3839761726415940e+00  -7.7422957363618816e-01  2.8328514383053016e+00  -7.0475676686801192e-01  -3.9486343004089957e+00  3.5194222367132849e-02  1.8036470013597627e+00  3.5132594403880546e-01  1.7538457686289102e-02  
1.0273140463231988e-15  1.0000000000000187e+00  -2.2288406988042958e-01  1.8734612707662386e+00  -9.4924675598043950e-01  4.8104394056487276e+00  -4.4861008040860434e-01  -6.7441728825997238e-01  2.5413481108726088e-01  3.4743078059277699e-01  -2.4863891656731812e-03  -3.3982916569432380e-03  
-1.6686709167436989e-15  1.0000000000000018e+00  -3.2371005200177166e-01  1.8737311960292151e+00  -1.0818024372263870e+00  4.2184448955381217e+00  -1.2713607566836851e+00  1.2131519876408685e+00  9.6278640220253209e-01  -1.2127633182649298e+00  -1.2307733785027419e-01  3.1340656573634929e-01  
6.0917252726874292e-15  1.0000000000000366e+00  -2.4822914496899309e-01  1.7597679082207502e+00  -1.1958683330783040e+00  3.5618628605706601e+00  2.6781456937823563e+01  3.0659231934432341e+01  -5.7770660753456184e+01  -4.5299379813654539e+01  2.5608160892620234e+01  1.7249680304249566e+01  
1.4834623585523912e-14  1.0000000000000056e+00  -2.0047067640020058e-01  2.1262004223902946e+00  -8.7738523389889189e-01  5.8511040103717455e+00  -3.9299563793030379e-01  4.2640314289477221e-01  2.2808623868507835e-01  -2.0960571442426335e-01  -1.4978977284604407e-02  5.7006645954857216e-02  
-5.2199701708603698e-15  1.0000000000000111e+00  -2.4604837705141946e-01  2.1140916305417292e+00  -1.1971628905586285e+00  5.3660740656480597e+00  4.2044647265622803e-01  2.8433940429515947e+00  -1.2776612362010069e+00  -2.3187625683798974e+00  4.6009476315809150e-01  5.1969901793175466e-01  
#q1           q2            q3            q4            q5            q6            lamb1         lamb2         lamb3         lamb4         lamb5         lamb6         
-8.9843122894058550e-16  1.0000000000000038e+00  -2.6689867582596349e-01  1.9295053015392616e+00  -8.7763579072732623e-01  3.9579846336853928e+00  -1.9535166935884347e+00  1.4219825099378463e+01  -3.3080474665031645e-01  -1.4166713285605907e+01  6.8281637471037593e-01  3.5637156108445520e+00  
6.8542501868185836e-15  1.0000000000000093e+00  -2.0120976672887994e-01  1.9147554715292587e+00  -1.5195196417547727e+00  6.3487324535691796e+00  4.6433926275723625e-01  -1.2516783069441808e+00  -9.4374532040892012e-01  4.8951511159088246e-01  3.3082815294073536e-01  4.4575215812196006e-02  
7.6197843769906638e-15  9.9999999999998834e-01  -2.5837165939552953e-01  2.1303971701690125e+00  -8.1747825252787842e-01  5.5737865805117837e+00  -1.2074991386766758e+00  1.4591249957145453e+00  1.0859204731938070e+00  -9.7113319979429114e-01  -1.9876297541811724e-01  1.9097247367791281e-01  
-2.0979191990861775e-14  1.0000000000000320e+00  -2.1182297434005912e-01  1.6682732775317128e+00  -1.0635450408976810e+00  4.8202142345208481e+00  -8.8940023091586995e-02  -1.7506954412817874e+00  -3.7141326908345895e-01  7.4740234596476451e-01  2.3397134798507568e-01  1.8051728132852808e-02  
2.2450682561031403e-14  9.9999999999999933e-01  -2.3498598340765053e-01  1.9713978402368197e+00  -1.5125256464492527e+00  6.0552489244565049e+00  2.4737422082980792e-01  -8.9854125230319848e-01  -6.5586372649646418e-01  3.7535653106997841e-01  2.4057267140232516e-01  3.2868993199719670e-02  
-1.0778482105555526e-14  1.0000000000000266e+00  -3.6642727848229451e-01  2.0435542620122038e+00  -7.9372037055915856e-01  6.1899082075052512e+00  -1.8913446087131254e+00  -3.4913852306151974e-02  1.7510370160729511e+00  -4.8577310073639482e-02  -3.0879379800400031e-01  5.8329155948052755e-02  
-2.4395647261329518e-14  1.0000000000000295e+00  -3.1075057539421452e-01  2.0631988768400880e+00  -1.4246737259774527e+00  6.1533617199393138e+00  -5.2077654498115122e-01  -3.4445558825860612e-01  2.7725150385503716e-01  2.4411948346344298e-01  -2.7319554679166632e-03  -2.3981440100292232e-03  
1.4951626008333050e-14  1.0000000000000029e+00  -1.7236981884404207e-01  2.0972295673017003e+00  -1.0794630942833006e+00  5.0657579727572903e+00  2.6677339296695552e+00  6.3774224044527266e+00  -4.9953767851029660e+00  -5.9490383350429763e+00  1.6919227649188189e+00  1.4706530969158003e+00  
-8.9667701338801536e-14  1.0000000000000078e+00  -3.1365108701906097e-01  1.7456882897693324e+00  -1.7615490954356856e+00  6.2094747332493609e+00  -9.1761193502926969e-02  -2.4225893116960591e+00  -7.0192337344805866e-01  1.0643618650174766e+00  4.6475107001989940e-01  4.9546179429067208e-02  
6.9644480813527869e-15  1.0000000000001097e+00  -1.6695495246110884e-01  2.1785987260232633e+00  -1.5325140656707343e+00  5.6637367783722121e+00  8.3504289522015597e+01  8.4465360959975868e+01  -1.4428251801390090e+02  -9.5802572379068067e+01  5.0599741086453896e+01  2.8908733960297592e+01  
#q1           q2            q3            q4            q5            q6            lamb1         lamb2         lamb3         lamb4         lamb5         lamb6         
1.7589721687314567e-15  1.0000000000000560e+00  -2.3300661728802691e-01  2.2977812196490777e+00  -1.0277062070465413e+00  5.4489396576488769e+00  -7.4549872460253530e-01  4.3939539835444570e+01  -7.5935547680994606e+00  -3.8026278266070818e+01  3.4807296110680124e+00  8.4176311182889485e+00  
-1.1306353564903665e-15  9.9999999999997113e-01  -3.0309835575284738e-01  1.6720599320085381e+00  -6.8798273112855202e-01  3.9620846852192186e+00  -1.9754705967316468e+00  -1.1556621002320850e+00  2.0468656252349939e+00  3.4916756797187432e-01  -4.1854243030539640e-01  5.8784827791990069e-02  
-1.3506226751197543e-14  1.0000000000000151e+00  -1.5912499032799790e-01  1.7618154031245523e+00  -1.2458767875711663e+00  5.1734236563473903e+00  1.0039475775206115e+00  -1.9577215774038672e+00  -1.8061968700256872e+00  6.8418022045543414e-01  6.3827361778197034e-01  1.0333789924506287e-01  
1.2128991463410332e-14  1.0000000000000027e+00  -3.6092001235899968e-01  2.1790005198572926e+00  -1.0624814452642792e+00  5.5713981620480260e+00  -2.3437050093721963e+00  3.3247715925079051e+00  2.1643112850636017e+00  -2.4219795673201592e+00  -4.3013386100164719e-01  4.6424071793401789e-01  
-4.0603366057778587e-13  1.0000000000003673e+00  -1.9387760242475433e-01  1.4700770409592492e+00  -1.2885086245121726e+00  6.0750795170219298e+00  1.6515069344577649e-01  -4.3637665015886489e+00  -1.1735509771979786e+00  1.9211930753796596e+00  7.2990574042470513e-01  6.7219946932297714e-02  
9.0987226494031178e-15  1.0000000000000016e+00  -2.3841316631237602e-01  2.0505758462909012e+00  -1.0806616423667736e+00  4.8665871344768528e+00  5.3437356165772087e-01  4.3637439549074131e+00  -1.7357647233792455e+00  -3.8530843779682296e+00  6.6549264610875580e-01  8.9833843138571212e-01  
7.4506071137720747e-14  9.9999999999990974e-01  -2.3482037417041671e-01  1.9692367694287816e+00  -7.1110670436605594e-01  5.6302816813026473e+00  -8.2032864089541624e-01  -3.0696415531001486e-01  6.9279784692063728e-01  1.7460192681918396e-01  -1.0665915264600084e-01  1.0284184384124637e-02  
2.3449310297654286e-14  9.9999999999999323e-01  -1.9364545963482110e-01  1.6956230737165832e+00  -1.3183953619597919e+00  5.4608796992796353e+00  4.6934429664746657e-01  -2.2833706453297395e+00  -1.1880264064923729e+00  9.1418926059887062e-01  5.0579411711890065e-01  6.1353820789875113e-02  
7.4893045859959636e-14  1.0000000000000879e+00  -2.6460507768730573e-01  1.7351302122761736e+00  -1.8528062858286991e+00  5.8692719546326160e+00  1.8488131907360863e+00  -4.5806638527965138e+00  -4.0218651991021162e+00  1.7614523457281370e+00  1.8120967730506168e+00  3.2742943992351037e-01  
-3.3910918190538153e-14  9.9999999999996025e-01  -2.3027414813853281e-01  1.7334556149369413e+00  -9.3233540423375416e-01  4.4891518811408835e+00  -5.6231723418912383e-01  -1.1463133754730523e+00  3.3434838723136751e-01  5.2663661532588868e-01  2.2225983649029647e-03  -4.5949261391069075e-03  
2.8750523357888400e-14  1.0000000000000850e+00  -3.9576681901727895e-01  1.8182421626508041e+00  -1.4874661880417268e+00  5.2864877634585863e+00  -1.0308459700384818e+00  -1.1511392764630255e+00  6.5051877869850039e-01  5.7683345305150091e-01  -6.4038010712473680e-03  -5.6472825977687355e-03  
2.0854734241336364e-15  9.9999999999998102e-01  -2.6525047829166182e-01  1.7408366084725171e+00  -1.3242947324092236e+00  4.4560702103861942e+00  2.6260807672045527e-01  -1.8869441070760371e+00  -1.0145804068047459e+00  7.5962212618691494e-01  4.7413173222685023e-01  6.7940025914911689e-02  
8.0124884000454302e-16  1.0000000000000013e+00  -3.6147803969905717e-01  1.9124614107148004e+00  -1.3194754950877419e+00  4.3202289196697841e+00  -6.6923709014146571e-01  2.8236939174553020e+00  -3.3578277865177542e-01  -2.7650007425307717e+00  3.4557519349545007e-01  7.1061808244453073e-01  
-1.4777653896875693e-15  9.9999999999998301e-01  -3.5418440614417418e-01  1.9741183771672892e+00  -1.2978403581342137e+00  4.2281734310366215e+00  -5.4769357335258639e-01  1.5387997934611391e+01  -4.2002266080333168e+00  -1.5432851706981857e+01  2.3076022145629125e+00  4.0443248364819109e+00  
2.0930215189090976e-15  1.0000000000000140e+00  -1.9885872240692842e-01  1.8328090223510451e+00  -1.4142107141160458e+00  5.7763298056083006e+00  5.1037107154867800e-01  -1.5703548977215387e+00  -1.0846349517004539e+00  6.0842160752262542e-01  4.0237377033662541e-01  5.4197230627415757e-02  
-1.4861620489932855e-14  1.0000000000000051e+00  -2.5133642640323328e-01  2.3797793946415813e+00  -9.6538380359315124e-01  6.0728764449731587e+00  -1.3233569831844285e+00  1.0493504649550831e+01  1.5321241066174479e-01  -8.0669139194195036e+00  1.6186409411883018e-01  1.5835362855478445e+00  
-1.0070202753627782e-14  1.0000000000000837e+00  -1.9179902067027010e-01  1.5002741609312056e+00  -1.3549017026796626e+00  5.9811486537495142e+00  4.1082746366466094e-01  -4.4351314606626273e+00  -1.5482557455432318e+00  1.9256818397348290e+00  8.5936155468424369e-01  9.0421607535367182e-02  
9.3248711718558901e-15  9.9999999999996048e-01  -2.0169766516892870e-01  1.7536375319614965e+00  -1.1702215752190912e+00  5.4201532861759381e+00  4.2942742732882171e-02  -1.4374716758400830e+00  -4.6214697667319438e-01  6.0808158252293532e-01  2.2510734628710832e-01  1.9895196176187520e-02  
4.4476844931050012e-15  9.9999999999999922e-01  -3.8091480101836805e-01  1.9757677194080328e+00  -1.3162571152330200e+00  4.2925142510017942e+00  -1.5257460699359573e+00  1.0341989962501453e+01  -1.0775873218241339e+00  -1.0006809783524282e+01  9.3483834732484961e-01  2.4974321397084109e+00  
6.0175928807757799e-16  1.0000000000000013e+00  -2.7203143852231271e-01  2.2509306507755440e+00  -1.0597875197159432e+00  5.3734587965982623e+00  -1.3194535208261662e+00  1.4434293421692884e+01  -9.9345558479504725e-01  -1.2180076392649999e+01  6.8749976044748717e-01  2.6249296265915483e+00  
-1.1261679365326905e-13  9.9999999999995426e-01  -2.2708310788347880e-01  1.7668773891582237e+00  -8.5683080865442407e-01  5.5294518271133102e+00  -5.4814333770440582e-01  -1.0479423644871579e+00  3.3194592495713993e-01  4.8833636289832522e-01  -3.2659355142980327e-03  -4.7729079209697699e-03  
-1.0885374884429349e-14  1.0000000000000064e+00  -2.5567996125907994e-01  1.8756596988267302e+00  -1.1253172102959033e+00  4.1104700324797854e+00  1.4444500490098999e+00  4.3614119250437753e+00  -3.6818295201982338e+00  -4.7775388363765448e+00  1.4851568201562415e+00  1.3645469846986562e+00  
1.1271148075430679e-15  9.9999999999999412e-01  -3.7754440912586013e-01  1.9683758278605310e+00  -1.7675352602979653e+00  5.1399879855380757e+00  6.0477767117987014e-01  3.3700312291294821e-01  -1.9450327338749638e+00  -8.1275891671705924e-01  8.1702067874281847e-01  3.8076643359927376e-01  
4.8864272318915888e-15  9.9999999999999423e-01  -3.6402594378662223e-01  1.7229865304295988e+00  -1.2660367897055216e+00  3.4256028979896151e+00  9.5573226099536968e-01  5.7402833505171529e+00  -4.7506530821975188e+00  -7.4161726681605007e+00  2.4853541842719000e+00  2.4898761633782627e+00  
7.9901639298287021e-14  1.0000000000003633e+00  -1.5183911053318977e-01  1.3856645797024749e+00  -1.2698469192282980e+00  5.0028459061792914e+00  2.6371762184582268e+00  -1.1092015865899247e+01  -6.1761187929765367e+00  4.9010022744187500e+00  3.2244223664616181e+00  4.5569847812653907e-01  
-2.2883582616174067e-14  1.0000000000000437e+00  -2.2193567455249000e-01  1.9171005198844924e+00  -1.5477347219254380e+00  4.9655945532596801e+00  5.6899242598749407e+00  1.2523387166936928e+00  -1.0535996285696051e+01  -3.4986472999562430e+00  3.9756561397535353e+00  1.6471918650160644e+00  
-1.7274527829201337e-14  9.9999999999998024e-01  -2.1631900244520721e-01  2.0969134431683289e+00  -1.4360841984132771e+00  6.1890674202725959e+00  5.5277534476529722e-01  2.3860673184772873e-04  -1.0161786094367424e+00  -1.3378066168362779e-01  3.0836238431518448e-01  9.9001026508386117e-02  
-9.6962892462418475e-15  9.9999999999999678e-01  -2.5149611892160512e-01  1.5341160713194328e+00  -1.4134591688532605e+00  4.1876982886042082e+00  2.5831498358870193e+00  -7.1941709337629920e+00  -6.1031513940683020e+00  2.8812401309045668e+00  3.0834996343684882e+00  5.9280624525194447e-01  
1.1022858183421076e-14  9.9999999999998479e-01  -1.7074317134832731e-01  1.8121310782453153e+00  -7.4197641167390993e-01  4.5078553931883603e+00  -2.9931128072528435e-01  -8.1108317588975298e-01  1.2554696134607102e-01  3.8682123244199729e-01  1.9815540224234762e-02  -1.6755866285796468e-03  
9.9836479219379425e-15  9.9999999999999190e-01  -2.6790280087003293e-01  1.8211515519375359e+00  -6.9180008701189655e-01  3.5555771644966483e+00  -4.5168521446801062e+00  1.1764366815845221e+01  4.1584759100339657e+00  -1.2310307170701469e+01  -8.8174374376809672e-01  3.1611959334550193e+00  
#q1           q2            q3            q4            q5            q6            lamb1         lamb2         lamb3         lamb4         lamb5         lamb6         
-1.8568925877604543e-14  9.9999999999996936e-01  -3.4956527220802541e-01  2.0101953922604676e+00  -1.6695239359741563e+00  4.7371306886679188e+00  5.4479682008218280e+00  1.0473032090919084e+01  -1.3350794877539197e+01  -1.2007437684166614e+01  5.6095126502401635e+00  3.8500195613893462e+00  
1.6617057216289213e-14  9.9999999999995581e-01  -3.1589550736667427e-01  2.4088728946218128e+00  -7.6785560907482409e-01  6.1171293622175842e+00  -1.0637645222230296e+01  2.3059619855488052e+01  9.3103370076899203e+00  -1.8413376191938841e+01  -1.9758179801345788e+00  3.6384238945038443e+00  
2.1174040387152703e-15  9.9999999999999434e-01  -2.8150142904792713e-01  2.0139192331870044e+00  -1.5410798534742847e+00  4.9302048121796505e+00  3.9833298498038472e+00  5.2515042189363053e+00  -8.2596527414511787e+00  -6.0692337941886372e+00  3.1449240485282819e+00  1.9149428101675663e+00  
2.7066056517575091e-14  9.9999999999998224e-01  -3.7699938138434191e-01  1.8961014092453639e+00  -9.9672517276626982e-01  4.9063918125493799e+00  -1.9749589656699575e+00  -2.7351432178125679e-01  1.8732549480929515e+00  1.7717303554870285e-02  -3.4254592335847978e-01  6.1966126463931404e-02  
5.1587525757209076e-15  9.9999999999998801e-01  -2.0155961156561919e-01  1.9898190349279474e+00  -6.2559499390930517e-01  5.1050740612087466e+00  -8.5687454528588347e-01  1.9134997197196257e-02  7.7764829449528738e-01  -2.9616913141621272e-02  -1.3543943603166803e-01  4.0614346939037801e-02  
-9.9649210616920893e-15  9.9999999999998246e-01  -1.9534436387698301e-01  1.8786454339350271e+00  -1.2889413947946209e+00  5.6318248184317188e+00  2.8230600991619526e-01  -1.1116971092818693e+00  -6.8485791116666661e-01  4.5665256524165682e-01  2.5126647735836527e-01  2.9884647952330933e-02  
-1.3555479574890585e-14  9.9999999999998535e-01  -3.5235319697278034e-01  2.0252009180698840e+00  -9.4767558568837795e-01  5.2620488388561020e+00  -1.9874806734865909e+00  5.5851418991873603e-01  1.9120077040007166e+00  -4.4243636182531138e-01  -3.6491431271495223e-01  1.1906217508890636e-01  
-3.8207617627516303e-14  1.0000000000000042e+00  -2.9180221378158977e-01  1.6800630779780992e+00  -6.9065902068893592e-01  4.1268269765445620e+00  -1.6868880845485363e+00  -1.1563879193344260e+00  1.6894193485640523e+00  4.0088890810722522e-01  -3.2757213556981524e-01  3.9030264599379402e-02  
3.0112144288768722e-14  1.0000000000000084e+00  -2.4447940539124105e-01  2.4182248264916995e+00  -1.2542692661173989e+00  6.2055596813481495e+00  1.2777824154206416e+00  1.8571269037515123e+01  -5.2321898890654488e+00  -1.5015336385135333e+01  1.9411887000285128e+00  3.1540447455141996e+00  
6.3414039809721174e-15  1.0000000000000202e+00  -1.8332189986920250e-01  2.2714425257278346e+00  -1.6522193887303880e+00  6.3248967951112327e+00  7.3727300925316097e+00  8.1486027381283233e+00  -1.2558894053827403e+01  -8.1843664169977863e+00  4.1228739481699535e+00  2.2718833586578913e+00  
-1.1210212594374535e-14  1.0000000000000051e+00  -1.8991522654229495e-01  2.2705316171331495e+00  -1.0680479584894478e+00  6.3545149205499634e+00  2.8308810602996748e-01  2.1106774086830855e+00  -7.0944184322245407e-01  -1.3916385614578166e+00  2.2027776743411498e-01  2.6725924788919353e-01  
4.8484402312457884e-15  9.9999999999999911e-01  -3.3691822729753429e-01  1.7170476645100725e+00  -1.1326594235219052e+00  3.3784556119407387e+00  -4.0147093452822948e-02  4.7593203977955092e+00  -2.2639406751438012e+00  -5.8602772485682504e+00  1.3168399960346884e+00  1.8203696408451466e+00  
1.1708662871619579e-13  9.9999999999986044e-01  -3.3393248985638507e-01  1.7523823723229726e+00  -1.1667046750724439e+00  5.4657018911593322e+00  -9.0981346296688659e-01  -1.2949834027513083e+00  5.7972082708284756e-01  6.1573679318023644e-01  -5.7108736529728425e-03  -6.0224516175986804e-03  
-5.9750707883082903e-15  9.9999999999998934e-01  -1.8887457728450141e-01  2.1727115539331763e+00  -6.5638907001281233e-01  4.9732497450575393e+00  -1.5386610283837958e+00  1.3471776926595993e+01  3.4636069441411754e-01  -1.1676936720218734e+01  1.6044436507625229e-01  2.5557310675312919e+00  
-4.4146709959777168e-15  1.0000000000000049e+00  -1.8279276696610761e-01  1.6813123199561901e+00  -1.1579637801078762e+00  5.1015138261919688e+00  3.2845928484870046e-01  -2.0228944878719397e+00  -9.2707685320010957e-01  8.1812868561786112e-01  3.9930091059943718e-01  4.4011797201032252e-02  
1.0677563918872366e-14  9.9999999999990785e-01  -3.1931834541514309e-01  1.6946919549257486e+00  -1.5573908713594482e+00  5.0704195096330666e+00  -1.4312067479495671e-01  -2.5332224254099200e+00  -6.9539536648992495e-01  1.1231180551755160e+00  4.9066817243042193e-01  5.2847089776973853e-02  
8.4037096966966326e-15  1.0000000000000158e+00  -1.4714145333942122e-01  2.0153831255963794e+00  -7.9748243794172302e-01  4.3807351648629060e+00  3.1262893950582722e+00  1.3131932436850231e+01  -6.5959269100856508e+00  -1.2905673615736543e+01  2.4463789569115186e+00  3.2573969771822409e+00  
-1.3011161443843312e-14  1.0000000000000029e+00  -1.5201654703593184e-01  1.7534355265829649e+00  -7.7299812327423778e-01  4.0274321061684359e+00  2.5695762875083084e-01  -9.8262042413538264e-01  -6.5326850797132541e-01  3.3531015472124537e-01  2.4513563537841518e-01  5.2265973536659655e-02  
3.0675590462653939e-15  9.9999999999998535e-01  -2.6183171898448798e-01  1.7936519801534969e+00  -1.7102392292356798e+00  5.7090156568041968e+00  9.2077848553578379e-01  -2.6236538638188773e+00  -2.0810369161214717e+00  9.9499774479751824e-01  8.7530042823162280e-01  1.4476547722951272e-01  
-2.6446826219636049e-14  9.9999999999999911e-01  -3.6341132794134440e-01  1.6144714643491669e+00  -7.5080278014755342e-01  3.8066097095234022e+00  -2.9504781459716458e+00  -1.5296584901773778e+00  3.1919556803222688e+00  3.7200356076260399e-01  -6.9169187127215470e-01  1.1122399799370797e-01  
8.8729190354599450e-14  1.0000000000002636e+00  -2.1186568938343520e-01  1.4735660449507100e+00  -1.3981064316710852e+00  6.2880516526477441e+00  1.4151426287900362e-01  -4.7752863809275397e+00  -1.2805821607049479e+00  2.1338764299068793e+00  8.3889401812930142e-01  8.0134061345114554e-02  
3.0042459519704295e-13  9.9999999999999911e-01  -2.4167817134203476e-01  1.7615635488171018e+00  -8.3099361801086946e-01  6.1218463889197992e+00  -6.0267150706950434e-01  -1.1119493677182566e+00  3.6927907189207099e-01  5.1646191653144058e-01  -3.6370644530214404e-03  -5.0481117832468381e-03  
#q1           q2            q3            q4            q5            q6            lamb1         lamb2         lamb3         lamb4         lamb5         lamb6         
7.6732153931896097e-15  9.9999999999999734e-01  -2.2900723865681089e-01  2.1466550878601351e+00  -1.0704292219728697e+00  5.4849479776775709e+00  1.0660195593163703e-01  2.8926851646410112e+00  -7.3978143154498888e-01  -2.2190573589457410e+00  2.8543420339771519e-01  4.6455233683981512e-01  
-1.4069511473933161e-14  1.0000000000000548e+00  -1.5644049338647020e-01  2.2135291048574852e+00  -9.4574459818883150e-01  5.1581838690673356e+00  7.3426011930261703e+00  3.4503648986846997e+01  -1.5729263629199540e+01  -3.1567916463955797e+01  5.6384332968005406e+00  7.4567335858963233e+00  
-3.0357027732851145e-15  9.9999999999998013e-01  -2.4870852786041367e-01  1.9495825818609995e+00  -1.0092671251195018e+00  4.8907774455641304e+00  -5.5972438850665285e-01  -1.2108030519860907e-01  3.4633341321874256e-01  2.1563603677723323e-02  -2.1003288033095677e-02  4.1793596857012491e-02  
-2.9965993068121582e-15  1.0000000000000036e+00  -1.4513744490957137e-01  2.0307958307164040e+00  -6.9690113494360928e-01  4.4381503126779815e+00  1.3921338572243882e+00  1.0836101369503332e+01  -3.4549666378727020e+00  -1.0205991047292013e+01  1.3098601665915250e+00  2.4519529166820497e+00  
-1.1865614861185011e-14  1.0000000000000309e+00  -3.9690541485383052e-01  2.3788167332213583e+00  -7.6396298735958634e-01  6.3097156179220777e+00  -1.1546209454154779e+01  1.4503344288415997e+01  1.1295664959489743e+01  -1.1568850465193739e+01  -2.5492485734614041e+00  2.2659839439864262e+00  
-9.6126532102471355e-16  9.9999999999999589e-01  -1.6311671025089119e-01  1.6041985153554532e+00  -7.8502546365913550e-01  3.2726153238194522e+00  1.2003041222581330e+00  -1.1625693882576402e+00  -2.4992038951134319e+00  -1.9662445783658930e-01  9.8537783131402090e-01  3.6828776610453740e-01  
3.5744527055765799e-15  1.0000000000000084e+00  -2.3877828958263672e-01  2.1828013051688542e+00  -1.2827462350860905e+00  5.6662918178611825e+00  9.6995536288515449e-01  3.8040248714745775e+00  -2.1518097830463905e+00  -3.1060594323469539e+00  7.2007005431185145e-01  6.9382566012149760e-01  
2.4833051401156494e-13  1.0000000000001017e+00  -3.1856637011002648e-01  2.2646027718114610e+00  -1.7163239691923780e+00  5.6333023553600530e+00  5.4768392976844581e+01  2.0012655176128033e+02  -1.4675600109739739e+02  -1.8992823338464351e+02  5.7792749732522715e+01  4.9612572819660635e+01  
2.6155176949905597e-15  9.9999999999999856e-01  -2.9028479232510229e-01  2.2903720249384816e+00  -9.2527371082475451e-01  6.0779235933509757e+00  -1.6254563147933716e+00  3.8760942511633685e+00  1.3824155933883544e+00  -2.6780001097032207e+00  -2.5503081220538665e-01  4.8827787705108117e-01  
1.0770017177338356e-14  9.9999999999995703e-01  -3.7797495085730165e-01  1.8906958537371175e+00  -1.3390372810625748e+00  3.9531348368572359e+00  -1.8505594439618855e-01  1.1737445395826404e+01  -4.1346583495630753e+00  -1.2433420446037815e+01  2.2880380272503653e+00  3.4650485321958313e+00  
-2.3413202687624136e-15  1.0000000000000000e+00  -3.9685940422432003e-01  1.9593947422771534e+00  -1.0496749643433909e+00  4.2205045452041281e+00  -6.2586667065410904e+00  1.0199810394996934e+01  5.8301140874365398e+00  -9.6686427577515683e+00  -1.2755744022015674e+00  2.2361325119484325e+00  
2.8117687804168141e-15  1.0000000000000020e+00  -3.4133839281689865e-01  2.0651860718341517e+00  -1.4284182249354405e+00  5.1098307532503426e+00  -1.7065136657195135e-01  2.8261894353102832e+00  -7.9313940406476346e-01  -2.4094040813251540e+00  3.9578784526496491e-01  5.6315166562745855e-01  
4.8432491485528932e-15  9.9999999999995393e-01  -2.3328528865997800e-01  1.6658867760125935e+00  -1.4574332407583763e+00  5.2136894663982405e+00  6.4204523816114434e-01  -3.0750734391634755e+00  -1.7206821081487562e+00  1.2499649716886871e+00  7.9781757454146285e-01  1.0966470200839529e-01  
-1.1498746381818245e-13  1.0000000000002052e+00  -2.6653823969650253e-01  1.7042904292057832e+00  -6.6684746742637435e-01  5.3135884495930066e+00  -1.0927490818512759e+00  -1.1676571652676544e+00  9.5445651274370280e-01  4.9110812592752484e-01  -1.4227198708090505e-01  8.6626869716316460e-03  
-6.3785854864083867e-15  9.9999999999999556e-01  -2.5739992088715241e-01  2.1185765478628946e+00  -1.1609968992451776e+00  5.6582542474839714e+00  -3.0951831558055876e-01  1.0127277935512471e+00  -2.2557555762668029e-02  -6.8602466068017476e-01  6.9108707477794656e-02  1.5234037603690265e-01  
-4.8217194605456654e-14  9.9999999999992395e-01  -3.4770064675014095e-01  1.5072592551421720e+00  -1.6104181152895551e+00  4.7499791644590550e+00  -1.9709041551622276e-02  -6.8186965445099181e+00  -2.1510905300642458e+00  3.3315877237503253e+00  1.7681766950021021e+00  2.2964450075849058e-01  
1.8959737690770733e-14  1.0000000000000866e+00  -1.8662008339345565e-01  2.3586532295613534e+00  -1.1331073694836953e+00  5.9293080004092049e+00  3.8623407079778698e+00  2.0681934353425611e+01  -8.6890277129727220e+00  -1.7437826518587698e+01  2.9862587609393305e+00  3.8287040252407674e+00  
2.3582680441164777e-15  9.9999999999999500e-01  -3.2537599903754749e-01  2.0515285667340604e+00  -1.2486557444433313e+00  5.4544060963795467e+00  -9.4581924885271129e-01  1.0445196159712505e-01  7.3187325296472650e-01  -3.5002385977019088e-02  -1.0023944259026675e-01  3.5656459158441844e-02  
-1.3858172373110634e-14  9.9999999999999201e-01  -2.6554658968698142e-01  1.7188297198972375e+00  -1.6638769448782449e+00  5.1963724989705948e+00  1.5536884055505036e+00  -3.7532061480438323e+00  -3.4338849068409472e+00  1.3891014063333273e+00  1.5198599077710693e+00  2.8432100771497426e-01  
3.6651984567348218e-15  1.0000000000000007e+00  -2.7276507843196179e-01  1.9201717921531207e+00  -1.6805059208554112e+00  5.6674232268392419e+00  8.2450423411024631e-01  -1.2939770548099387e+00  -1.7347930653030246e+00  3.6983587866972800e-01  6.4479466820088183e-01  1.3956059689909478e-01  
7.9392490747956242e-14  9.9999999999993150e-01  -1.9694966875318029e-01  2.0242770436696147e+00  -1.2147639881097343e+00  4.6798748346483681e+00  6.5420279170233728e+00  1.1587227143356541e+01  -1.2752525368715567e+01  -1.2479660302394922e+01  4.7282505231484322e+00  3.5634297237403838e+00  
5.7221688791305510e-14  1.0000000000000178e+00  -3.3223148514198653e-01  2.1923153811778939e+00  -1.3644308503901346e+00  5.0423241866208466e+00  -2.4506233461431037e+00  5.7292254403530791e+01  -1.3815257270004441e+01  -5.2693884133921358e+01  7.0700465696475270e+00  1.2658359045272716e+01  
-3.8046092989004222e-14  9.9999999999998179e-01  -3.4253554429097921e-01  1.8500868625406923e+00  -1.1138659037092666e+00  6.0607614764919058e+00  -9.7778930372749162e-01  -7.9504853892709382e-01  7.0897608053510153e-01  3.8870754555350795e-01  -6.5244527258433660e-02  2.0237857245552875e-03  
-8.2771726860950134e-14  1.0000000000001186e+00  -3.0654663957259132e-01  1.9524838706144203e+00  -1.0618549116559681e+00  5.1778517111907663e+00  -1.0097301985771496e+00  -3.1522891216931759e-01  8.3075009831154389e-01  1.7490703138911590e-01  -1.2188041495303389e-01  1.2274703282847636e-02  
-2.5115780750323681e-14  9.9999999999981137e-01  -2.9981641205671028e-01  1.7892825367133207e+00  -1.2667082288358451e+00  5.2474488669101387e+00  -6.9424717543505743e-01  -1.0812101334604094e+00  3.9424295158319944e-01  5.1588933549694227e-01  1.1685982694303683e-02  -3.4893655076412757e-03  
5.9173523372677157e-14  1.0000000000000886e+00  -1.8301054548410622e-01  1.8815117550303080e+00  -8.1877063425479635e-01  6.1202762538132749e+00  -3.6152069748693788e-01  -6.5151439400892475e-01  2.0307923301470893e-01  3.3438358437204008e-01  -1.9918363837444107e-03  -3.2724278501922973e-03  
-1.7618164191964145e-16  9.9999999999994293e-01  -1.9283177124681256e-01  1.6250191608388724e+00  -1.0829996138032107e+00  4.1509955375301519e+00  6.2457075350486413e-01  -2.5529785311472901e+00  -1.5134686171589680e+00  1.0028447316341833e+00  6.4855074671951063e-01  8.9286050531200020e-02  
3.1917052765743663e-14  1.0000000000000415e+00  -3.8110372425079936e-01  1.8163624205440034e+00  -9.7664848936944260e-01  4.7325276497698177e+00  -2.0051746270817485e+00  -6.1941936789340257e-01  1.9110058030338359e+00  1.6952265854799117e-01  -3.4811204449190369e-01  5.2549056037457034e-02  
1.5141787819119435e-15  9.9999999999998845e-01  -3.8166286725936022e-01  2.2712452524086610e+00  -1.5481771445648398e+00  6.1571030449497588e+00  -9.1946795075801047e-01  2.9750647167316928e+00  3.3536096105354518e-01  -2.0342936070041553e+00  3.2592440215700937e-02  3.8350471219406596e-01  
-3.8062368455967739e-15  9.9999999999992062e-01  -3.5064541845328956e-01  1.7713710910319440e+00  -1.7753416475782058e+00  5.8282314607662968e+00  -2.8515383370753433e-01  -2.1777598805564509e+00  -4.6392372530965831e-01  9.8420508925989247e-01  3.9263049505370440e-01  3.9440156156760803e-02  
-5.1612477206677917e-15  1.0000000000000004e+00  -3.8215668444965312e-01  2.3379396287801577e+00  -1.4219007009762459e+00  5.9703960543634391e+00  -2.0769740843169089e+00  9.5447430938617224e+00  5.3114789444043564e-01  -7.4060712575349399e+00  1.4946029757687532e-01  1.4751069817844140e+00  
1.3136688427065355e-15  9.9999999999996991e-01  -2.2843105668949099e-01  2.1572162923283686e+00  -1.4692823863611182e+00  5.9928765746420085e+00  1.3555285158786314e+00  1.7902742326875720e+00  -2.4303414041079230e+00  -1.5954626774662612e+00  7.5815187838692388e-01  4.1968391732889426e-01  
3.8381974241098995e-16  9.9999999999999767e-01  -3.8738377264370627e-01  2.2080053033946565e+00  -1.2114339216808689e+00  5.7764705267003347e+00  -2.1675504731578075e+00  2.9650248236645806e+00  1.9170278129769254e+00  -2.0680882248816461e+00  -3.6072752887027804e-01  3.8599804555146910e-01  
1.8787574799623782e-14  1.0000000000000218e+00  -3.1201376792852792e-01  2.0809338400622939e+00  -1.7847346398011736e+00  6.2221290344093267e+00  2.7981483509330340e-01  -3.1626868921988938e-01  -8.4765353553153844e-01  3.7040305534913928e-02  3.1378106241073778e-01  8.9220924100552684e-02  
#q1           q2            q3            q4            q5            q6            lamb1         lamb2         lamb3         lamb4         lamb5         lamb6         
-5.9301638451353272e-14  9.9999999999995837e-01  -1.7884466601861715e-01  1.9557908693166575e+00  -1.1064766823279650e+00  6.0187217730464537e+00  5.9832166903705589e-03  -6.0749274216167115e-01  -2.2961429200767230e-01  3.0176896664365810e-01  9.6929627030520132e-02  7.4006165694355495e-03  
2.4653571277245915e-15  1.0000000000000016e+00  -2.7998682926767310e-01  2.2515332640904520e+00  -1.2429718488846848e+00  6.2551195669638453e+00  -4.4179722837418967e-01  1.8179827475398036e+00  8.3166974856957024e-02  -1.1426689646065615e+00  4.4659367025618207e-02  2.1322459164986290e-01  
-6.4337805838312545e-15  1.0000000000000091e+00  -3.8209274493806650e-01  2.0507984495500868e+00  -1.6877424519905468e+00  5.4691148910981671e+00  -3.9467365585391045e-01  4.5967904251679581e-01  -1.8045741782955882e-01  -4.3949749467873406e-01  1.7489960257795228e-01  1.5099938919035505e-01  
-2.4210054667352684e-14  9.9999999999998401e-01  -1.3662895964033211e-01  1.9551215378872142e+00  -8.9205649788738772e-01  5.5297753963756957e+00  1.2707022657581341e-01  -5.5308380958190273e-01  -3.1742061686233980e-01  2.7395241338790838e-01  1.0468886062310900e-01  9.0588944535532623e-03  
-7.4452512491378877e-15  9.9999999999999634e-01  -2.6267277452714788e-01  1.8258222144945124e+00  -1.7661552616896290e+00  5.1228507651629185e+00  5.5952334681108615e+00  -3.1521186902850520e+00  -1.0872476241711434e+01  -5.3220991617100299e-01  4.4978153212993073e+00  1.3775731700443281e+00  
6.4939528228419647e-16  9.9999999999999689e-01  -3.0668470936317577e-01  1.6665289691245120e+00  -9.8562698519541792e-01  3.1399809074536860e+00  -2.9972679540452718e-01  5.1203887459461743e+00  -1.7778777269550257e+00  -6.4462805761350435e+00  1.1494700345209421e+00  2.0042518620082181e+00  
-3.3866327716523115e-14  9.9999999999996281e-01  -2.8762243297845730e-01  1.7778030134185077e+00  -9.9855639041397237e-01  5.0970971826909137e+00  -7.1378291926671666e-01  -1.0833763072775811e+00  4.3802610381327411e-01  5.1551379722614876e-01  -4.3251868904150351e-03  -5.0399020598731782e-03  
8.5456256174015245e-15  9.9999999999999334e-01  -3.1158552824721875e-01  1.6021162943646983e+00  -6.6734113400175343e-01  3.1427858865754743e+00  -3.4547013887710754e+00  -6.7663875500687154e-01  4.0799205245760843e+00  -4.3264092132843812e-01  -1.0169788513073885e+00  2.9412414468085835e-01  
-7.6369810905264624e-15  1.0000000000000024e+00  -2.1565942552993619e-01  1.7823160408023857e+00  -1.0647894730618728e+00  4.5776400429057382e+00  -3.9983195958846002e-02  -1.1982296938700423e+00  -3.3794869834455815e-01  5.2200708093359494e-01  1.7954205617367414e-01  1.5006276863652579e-02  
-7.0217160393902507e-15  1.0000000000000078e+00  -3.9550291204588056e-01  2.0909046359868770e+00  -1.0445406757478062e+00  5.5369612843489744e+00  -2.4346641512975635e+00  1.1379526412393988e+00  2.3526773245541248e+00  -8.2511132308070878e-01  -4.5842458441821460e-01  1.8127475052791192e-01  
1.9727112245130443e-14  1.0000000000000304e+00  -3.4450275396268160e-01  1.9926700523969985e+00  -6.3707489748113089e-01  5.6693943812385381e+00  -2.2887232208166277e+00  2.3091206656188225e-02  2.2732783279045341e+00  -1.8616536040985079e-01  -4.4242947819886497e-01  9.9300156671786433e-02  
-9.9148576337231900e-15  1.0000000000000100e+00  -3.3011655399215489e-01  1.7514696991892371e+00  -1.6389311692670896e+00  5.5050513226214122e+00  -2.5586050880895483e-01  -2.0743951356117609e+00  -4.4324483459923680e-01  9.2824373432344864e-01  3.6048128181132461e-01  3.5139843332202769e-02  
-2.2021801983146073e-14  9.9999999999993883e-01  -2.4479891911579577e-01  1.5641628118179167e+00  -1.5160672194486955e+00  5.1057436366446041e+00  1.0490137789661718e+00  -5.2842429774254702e+00  -2.9306203594967943e+00  2.2650492048743471e+00  1.5347950952191067e+00  2.2454736223605756e-01  
9.8854306190260483e-16  9.9999999999999967e-01  -1.5293099176251540e-01  1.8864631559006744e+00  -1.4488821409627282e+00  5.7923624334503137e+00  1.7883427890576227e+00  -1.5240299684784770e+00  -2.8937383047473055e+00  3.0305297699533651e-01  9.4311229746310354e-01  2.0906647721979837e-01  
-4.5183508907455039e-15  1.0000000000000093e+00  -2.0036988377139020e-01  2.2465401759799750e+00  -7.6578020760567456e-01  5.7924847767258942e+00  -6.3294286308223902e-01  4.1301322577036821e+00  2.8415855061417361e-01  -2.9854392702688894e+00  -2.6725598852576384e-04  5.6789559950942703e-01  
-8.1935205410837984e-15  9.9999999999998701e-01  -2.8785191396996246e-01  1.6884010390798783e+00  -9.6940279515199679e-01  3.0815744449017171e+00  1.3780410759675390e+00  1.6884151441618023e+01  -8.1918941392080917e+00  -2.0729489310068971e+01  4.4579630784897688e+00  6.5856007797631655e+00  
-1.7796840063509300e-15  1.0000000000000062e+00  -3.5682494640861778e-01  2.1978839363137448e+00  -1.4348532857460814e+00  5.9350337791495713e+00  -8.8549625694671141e-01  1.7797479933967673e+00  4.8586102102974305e-01  -1.1682000421988681e+00  -2.6965185343294562e-02  2.2570562402029998e-01  
-4.7972109898764560e-15  9.9999999999997391e-01  -1.7634343383681531e-01  1.7834982517833877e+00  -1.0271894316455195e+00  3.6119112281359920e+00  5.1569329463334363e+01  5.7026731998844852e+01  -9.9907287586601740e+01  -8.0729696428830408e+01  4.1278997327603939e+01  2.8702458479245657e+01  
-4.0831178887578379e-15  9.9999999999997580e-01  -3.2693925281017311e-01  2.0487436768571787e+00  -1.3684894315199903e+00  5.3310925313693751e+00  -5.9841166180866168e-01  6.3173688552259777e-01  2.2452730893132200e-01  -4.7967177919353987e-01  3.4815989621481941e-02  1.2898767135481290e-01  
-1.5580892336650069e-15  1.0000000000000169e+00  -2.0262141426479505e-01  1.6781390432060086e+00  -1.3902193951498418e+00  6.3775505302746796e+00  1.5921859942935535e-01  -2.2261774985965430e+00  -7.6389523715937924e-01  9.2683195713988176e-01  3.8030764975314058e-01  3.6852031971950874e-02  
-1.5672440356583246e-15  9.9999999999999245e-01  -2.6362497630407594e-01  2.0663102230741521e+00  -7.3625126640548844e-01  4.7217168852278766e+00  -2.5003391549501917e+00  6.6417310055593601e+00  2.2919732867015936e+00  -5.6969924106038832e+00  -4.7896704000826584e-01  1.2302381115674748e+00  
6.7754674633304927e-15  1.0000000000000022e+00  -2.6586333740599999e-01  1.9955157246181545e+00  -1.5230089001865037e+00  4.8519089804789717e+00  5.3366898606865654e+00  5.9692383504201771e+00  -1.0788396678529068e+01  -7.3135426273183253e+00  4.1439167998826330e+00  2.4179511694918427e+00  
-3.9430955514001790e-16  1.0000000000000089e+00  -3.9441120377693106e-01  2.3958139719327174e+00  -1.2638476543554540e+00  6.1634499864099910e+00  -4.8848378196155959e+00  1.3071770980315065e+01  3.3373874046883296e+00  -1.0058448769292168e+01  -5.2195870263944488e-01  1.9442485980231528e+00  
9.5066393960431379e-15  1.0000000000000056e+00  -3.7522899796450959e-01  1.9668930838906140e+00  -1.3210750466193013e+00  4.5228320506095354e+00  -1.1772115360357729e+00  3.2513960508633035e+00  3.8991325586857661e-01  -2.9262523993255201e+00  1.0891111760264016e-01  6.8828664550500518e-01  
-3.1606504237117965e-14  1.0000000000000406e+00  -2.3453819158723363e-01  1.8649784734526320e+00  -1.5961208450488820e+00  5.4835945134488728e+00  1.4095652047211256e+00  -1.7038480747855471e+00  -2.6456705717136622e+00  4.1798233133232882e-01  9.6445820640383040e-01  2.1655536327633160e-01  
5.5311899629092766e-14  1.0000000000000964e+00  -2.2807980412752507e-01  2.0086203427792464e+00  -9.0346540274240983e-01  6.0067897505367496e+00  -5.0101445027890179e-01  -3.0742373892912234e-01  3.3690731341414071e-01  2.0842869200976039e-01  -3.1418657986898718e-02  7.6411165888742275e-04  
-4.7676556628866186e-15  1.0000000000000018e+00  -3.2885692314826082e-01  1.9922045319648862e+00  -1.6242417789648373e+00  5.1090160327098166e+00  1.1314805935306635e+00  1.3103399107412339e+00  -2.7279716855370668e+00  -1.6460063641998630e+00  1.0416364906376359e+00  5.6318920087266044e-01  
3.7434935854194106e-14  9.9999999999997202e-01  -2.4934825975993624e-01  1.6228902043103333e+00  -1.7390826233076087e+00  5.7549401242143610e+00  1.5871021392520497e+00  -5.9065419033774837e+00  -3.8819954598519741e+00  2.4884276896398578e+00  1.9417135818828304e+00  3.0812366425029697e-01  
-1.9135720732458084e-14  1.0000000000000182e+00  -2.5060763872585912e-01  1.8751640360428055e+00  -1.0367661462545774e+00  5.2555433380497671e+00  -5.1683713455752156e-01  -7.1125225072117715e-01  2.9591063322908157e-01  3.6500592495292916e-01  -2.9084235404352272e-03  -3.5719954111763734e-03  
-1.6269725242968230e-14  9.9999999999999734e-01  -3.3434478829361858e-01  1.8105013961754926e+00  -1.5880374964586632e+00  4.7735922631244287e+00  9.3865359751593963e-02  -1.6954696579951447e+00  -9.1416042467457426e-01  6.8138308640688661e-01  4.7948458293589058e-01  8.1930693978449834e-02  
2.8544624832456228e-14  9.9999999999998868e-01  -1.8058915264573103e-01  1.5627835879926741e+00  -1.2471043693465182e+00  5.0128559376866164e+00  7.9895464699227303e-01  -3.6995443269823949e+00  -1.9574641136930797e+00  1.5105548555350541e+00  9.0076119878270922e-01  1.1678748689628440e-01  
1.6397546124125966e-15  1.0000000000000060e+00  -3.1393589069056499e-01  2.0253048078593885e+00  -1.6142090181995343e+00  5.8129025741611544e+00  -1.9987947649995313e-01  -5.4495303956832386e-01  -1.6816734314262660e-01  2.7015832740246887e-01  1.2329862663042863e-01  2.1161594500716190e-02  
-1.2218000409538189e-15  1.0000000000000075e+00  -2.9273165674087170e-01  1.8437461952580891e+00  -8.7286980006834791e-01  4.1056199391155710e+00  -1.6059436509412390e+00  7.5538376920651529e-01  1.5420966028577152e+00  -8.4677803971070453e-01  -3.0211924501136384e-01  2.3422834059202621e-01  
7.4504466118919788e-16  1.0000000000000078e+00  -1.9884712151245035e-01  1.7623447537207617e+00  -1.5329610159913507e+00  5.6860574209359971e+00  1.1684031182393704e+00  -2.6182857795479837e+00  -2.2668106829548837e+00  9.5078780166753751e-01  8.7440308967352909e-01  1.4315692246714123e-01  
3.3648966435561863e-15  1.0000000000000024e+00  -3.0790722135367193e-01  1.7674016780117963e+00  -1.3364095054265661e+00  4.0724965669299422e+00  6.7056508329900155e-01  -4.4633713087172033e-01  -2.0515481513380531e+00  -5.0622996482823324e-01  9.0818589939692840e-01  3.9472113855336266e-01  
-8.5824514766873240e-15  1.0000000000000120e+00  -3.3320534229318599e-01  1.7593497853656979e+00  -9.4718142998485266e-01  3.8351642918375353e+00  -1.9415835959662253e+00  -4.0410784437115549e-01  1.9445210833279494e+00  -3.1028808694849891e-02  -3.8714099087798709e-01  9.2863838007845645e-02  
-7.4269125644843399e-14  9.9999999999998412e-01  -1.7761379901951532e-01  2.1486237042350975e+00  -6.3303751289037347e-01  6.2968652441422650e+00  -5.2667456690501091e-01  -4.0765272643738856e-03  4.1790253800076793e-01  9.6561173804354111e-02  -5.9292938334422646e-02  5.6446353221710956e-03  
7.2639238905717994e-14  9.9999999999972511e-01  -2.8127590942534714e-01  1.6426940901946196e+00  -9.5992174101988892e-01  5.0347336799525557e+00  -8.7213213479829521e-01  -1.6997569234230845e+00  5.7985380537013920e-01  7.7049863187864609e-01  -5.7118254658414013e-03  -7.5301202544498097e-03  
1.0200273384168283e-13  9.9999999999953060e-01  -2.9584996701654298e-01  1.8206694500240512e+00  -1.3714043126613880e+00  3.8043848520468768e+00  8.0367427303511704e+01  1.1020985809235574e+02  -1.8502408487933829e+02  -1.5252170783608392e+02  8.3891052199359095e+01  5.7055714910928657e+01  
#q1           q2            q3            q4            q5            q6            lamb1         lamb2         lamb3         lamb4         lamb5         lamb6         
-2.5999805299975817e-14  1.0000000000000435e+00  -2.5460926264613920e-01  2.1488207549664713e+00  -1.8330904085349120e+00  6.0657028683827043e+00  4.4815722628953827e+00  3.0307233526404342e+00  -8.0877922543231335e+00  -3.7699540066939878e+00  2.8013208616905740e+00  1.2870194797849202e+00  
-1.9235558647050249e-14  1.0000000000000229e+00  -1.5800088813559410e-01  1.8082038736405643e+00  -1.3060401497475160e+00  5.9870466395002451e+00  5.6323797659865893e-01  -1.5816193344177658e+00  -1.0770156094465269e+00  6.0885477784889919e-01  3.7927953492832611e-01  4.8041706706451033e-02  
2.7496546827852860e-15  1.0000000000000000e+00  -3.3699935855065738e-01  2.1991794977924304e+00  -9.5201039339510418e-01  6.0151842964942475e+00  -1.8627481679553390e+00  1.5829689235364084e+00  1.7428176057006617e+00  -1.0051405792525969e+00  -3.3050117364356812e-01  1.9020705256363035e-01  
9.2163158999416446e-16  1.0000000000000000e+00  -3.3051801822862475e-01  2.3065215432220860e+00  -9.0553928031205388e-01  5.8207273775232435e+00  -3.9907363464323775e+00  8.9987572191754204e+00  3.5590297215823905e+00  -6.9765520874015641e+00  -7.3803603707304866e-01  1.3616890257622845e+00  
2.0531563547360499e-14  1.0000000000000375e+00  -3.2705875342495561e-01  1.9194048358179123e+00  -9.8082470640016517e-01  4.7586014246921655e+00  -1.5228896165361889e+00  -1.5226326446680283e-01  1.4113826490418107e+00  7.2256129097448924e-03  -2.5144090040013684e-01  4.9060946390191068e-02  
3.6394352649888676e-14  9.9999999999992339e-01  -2.6533024735528893e-01  1.6330056343512782e+00  -1.4933447624150531e+00  5.1040236916937687e+00  3.8933200182682537e-01  -3.4092845545727410e+00  -1.5336752165572489e+00  1.4519154156296707e+00  8.2071464226886570e-01  1.0586037527458182e-01  
-4.0571544078988677e-16  9.9999999999999822e-01  -2.8095114343763761e-01  2.0510625857420028e+00  -8.4343576727514147e-01  4.8730279730826735e+00  -1.7457332282037961e+00  3.3452230008173354e+00  1.5861311923036818e+00  -2.6984324405785949e+00  -3.1147179474071585e-01  5.6335654206835262e-01  
-1.4662575418893635e-13  9.9999999999990197e-01  -3.0096984885210165e-01  1.4966312102021955e+00  -1.6347286269157175e+00  5.6350289196626306e+00  4.9109877407229503e-02  -6.4989248017328984e+00  -1.9167207689659200e+00  3.0940490874678770e+00  1.4889012011280616e+00  1.7492869357194715e-01  
-2.9634615013490796e-16  9.9999999999999889e-01  -2.0871278468916210e-01  2.1135725096609348e+00  -1.0800968215839235e+00  5.7520529876927702e+00  1.9864534819874970e-02  7.1150269718481152e-01  -3.3557199001760618e-01  -4.8474080882983206e-01  1.2903917282073668e-01  1.2059153820285684e-01  
2.7858394863939030e-15  9.9999999999999667e-01  -2.5397039491622125e-01  1.8434635785214708e+00  -1.0447286186539033e+00  4.0871112312018489e+00  2.6207385100768965e-01  1.7855370771725956e+00  -1.2637937827184467e+00  -2.0241982567008496e+00  5.5632260575666914e-01  5.8306059396180254e-01  
1.5590045971698540e-14  1.0000000000000011e+00  -2.2815733631547819e-01  2.1739332344036693e+00  -6.7962769901825326e-01  6.3259384639862386e+00  -9.0177350864583183e-01  2.8553434130217381e-01  7.8182562360318641e-01  -8.5403664219383835e-02  -1.2739996733112388e-01  3.3560074460759294e-02  
-3.3773931372858846e-14  1.0000000000000016e+00  -1.6733819173544390e-01  2.0823626647632021e+00  -1.4406092458687052e+00  5.7674278171692244e+00  3.1468776658480451e+00  1.7727871852312771e+00  -5.1660945301038455e+00  -2.2062262345272745e+00  1.6465629205811807e+00  7.2527687887392989e-01  
-4.7493495527706718e-15  1.0000000000000031e+00  -3.8878926537042807e-01  1.9496705736902131e+00  -1.7601978975417099e+00  4.8018852970341195e+00  1.8394968289632683e+00  2.2488994011398180e+00  -4.8018461400429011e+00  -3.0668223656473410e+00  2.0282388731239975e+00  1.1339006370181317e+00  
-4.6226645758781324e-15  9.9999999999999467e-01  -1.6658197229617130e-01  2.0387803005806644e+00  -7.7427689161747770e-01  4.8138375357480481e+00  3.4874216579118450e-01  3.6609040979430354e+00  -1.0640495758618596e+00  -3.1168735478271405e+00  3.9207181149004228e-01  6.9531427183869288e-01  
2.2121994438173039e-15  9.9999999999996048e-01  -3.1362045473905120e-01  1.9764535449676663e+00  -8.0361319353994343e-01  6.1043004410467079e+00  -1.2319344305720228e+00  -3.1359011709018014e-01  1.0684441243624003e+00  1.4848025647354801e-01  -1.7054024809739074e-01  2.1114588368855342e-02  
6.3398953360453176e-15  9.9999999999999256e-01  -1.4573650689604536e-01  2.0396857456978199e+00  -1.0952521159709556e+00  6.3213180384048355e+00  1.8611865333273631e-01  -4.5064361859860613e-01  -3.7296937102700978e-01  2.3489413108489132e-01  1.1231208545675345e-01  1.1517399724380515e-02  
6.2032192861162820e-13  1.0000000000003451e+00  -3.5657209944229712e-01  1.6676084820068919e+00  -8.2672085172594800e-01  6.1267282126739522e+00  -1.5707309169296062e+00  -1.5355854492559171e+00  1.3610513708541023e+00  6.5704988558569200e-01  -1.8262511222311956e-01  1.0592982323351628e-02  
