-5.211168527603149414e-02
-5.034911036491394043e-01
-2.414832860231399536e-01
-1.191463321447372437e-01
-6.009899377822875977e-01
5.205448269844055176e-01
3.834857046604156494e-01
-8.899317979812622070e-01
-5.720122456550598145e-01
-4.576412141323089600e-01
-2.610111795365810394e-02
-6.366769224405288696e-02
2.006166242063045502e-02
9.495581686496734619e-02
-3.646937310695648193e-01
-2.397321164608001709e-01
1.131936460733413696e-01
-1.175594776868820190e-01
-3.636410534381866455e-01
-7.553678750991821289e-02
2.961771786212921143e-01
1.718200743198394775e-01
4.974717274308204651e-02
-2.519297301769256592e-01
-1.027893275022506714e-01
1.752234436571598053e-02
1.776399761438369751e-01
-7.839613407850265503e-02
-8.219017833471298218e-02
3.319624960422515869e-01
6.663456559181213379e-02
2.198138386011123657e-01
-1.576232463121414185e-01
1.771311759948730469e-01
6.064385548233985901e-02
2.517875134944915771e-01
-3.205865025520324707e-01
-9.314832836389541626e-02
-3.239448647946119308e-03
1.585620343685150146e-01
