1.886106014251708984e+00,1.514409899711608887e+00,-1.990996122360229492e+00,1.038317680358886719e+00,-1.216469556093215942e-01,7.085788995027542114e-02,1.077538728713989258e-01,-8.507719635963439941e-02
-2.149688720703125000e+00,-1.627034783363342285e+00,9.753452539443969727e-01,-8.910582661628723145e-01,-1.014901250600814819e-01,-2.468143356963992119e-04,-9.109115228056907654e-03,2.817386761307716370e-03
-9.545274972915649414e-01,-2.681807518005371094e+00,1.160752058029174805e+00,-3.805402517318725586e-01,-1.079785153269767761e-01,-3.218849003314971924e-02,3.630664944648742676e-02,-3.202910721302032471e-02
-1.460682868957519531e+00,1.223039150238037109e+00,1.691289663314819336e+00,3.524278402328491211e-01,-1.591523885726928711e-01,5.048806220293045044e-02,6.128589063882827759e-02,4.944426938891410828e-02
-7.467672824859619141e-01,1.942052721977233887e+00,-1.810827404260635376e-01,-2.497586965560913086e+00,-7.024313807487487793e-01,-1.302267163991928101e-01,3.526656329631805420e-02,-5.569843202829360962e-02
3.060581982135772705e-01,-8.446260094642639160e-01,1.344315558671951294e-01,3.619624853134155273e+00,5.203971862792968750e-01,-6.888175755739212036e-02,-2.872564494609832764e-01,-1.923573203384876251e-02
1.401503682136535645e+00,-2.507100343704223633e+00,-1.551854252815246582e+00,1.200763702392578125e+00,7.265978306531906128e-02,2.367104217410087585e-02,1.674079895019531250e-02,2.503581903874874115e-02
3.658239543437957764e-01,9.655137658119201660e-01,3.025630712509155273e-01,-3.373110294342041016e+00,-3.587083518505096436e-01,-4.697799682617187500e-03,-1.130221970379352570e-02,-2.552465349435806274e-02
1.040634393692016602e+00,2.341143608093261719e+00,-9.829923510551452637e-01,-1.823450446128845215e+00,-1.731323748826980591e-01,-5.029516294598579407e-02,-1.856908760964870453e-02,-5.387797951698303223e-02
-1.762488633394241333e-01,-4.376430213451385498e-01,3.058194220066070557e-01,-3.072065591812133789e+00,-1.448363959789276123e-01,-3.148326575756072998e-01,-1.804918795824050903e-01,-1.325905136764049530e-02
-1.299212455749511719e+00,-1.138191461563110352e+00,1.869151353836059570e+00,-4.204205274581909180e-01,-9.689445793628692627e-02,-4.606773704290390015e-02,-1.504915952682495117e-02,-1.968836635351181030e-01
1.967151880264282227e+00,1.535140514373779297e+00,-2.046291112899780273e+00,-1.193494558334350586e+00,-9.133377671241760254e-02,1.970460712909698486e-01,-1.009380966424942017e-01,-1.845987588167190552e-01
1.687913775444030762e+00,-1.303152680397033691e+00,-1.661244034767150879e+00,1.714817248284816742e-02,1.349209398031234741e-01,2.314918301999568939e-02,-1.428823620080947876e-01,-1.371321678161621094e-01
-1.798027038574218750e+00,-4.908009767532348633e-01,9.902369379997253418e-01,7.999919652938842773e-01,6.839986145496368408e-02,-2.264525555074214935e-02,1.492409221827983856e-02,6.484133191406726837e-03
1.417272090911865234e+00,1.592478394508361816e+00,-1.797874689102172852e+00,1.473249644041061401e-01,5.144099239259958267e-03,-1.500066220760345459e-01,8.912533521652221680e-02,-7.089820504188537598e-02
1.602256655693054199e+00,1.799300193786621094e+00,-1.850693464279174805e+00,-8.328759670257568359e-01,-4.566267132759094238e-01,-9.417265653610229492e-02,-1.209056600928306580e-01,1.259007751941680908e-01
1.867696881294250488e+00,-1.046711429953575134e-01,-2.173149347305297852e+00,-7.175773382186889648e-01,-6.224700212478637695e-01,-9.810823202133178711e-02,-8.776600658893585205e-02,1.993366982787847519e-03
1.923718929290771484e+00,1.570692539215087891e+00,-1.023944973945617676e+00,-1.222305536270141602e+00,-1.018789336085319519e-01,6.965232081711292267e-03,-5.204573273658752441e-03,7.441739086061716080e-03
-1.575571179389953613e+00,9.763610959053039551e-01,1.963856339454650879e+00,-2.281440794467926025e-01,3.878441751003265381e-01,-1.383939534425735474e-01,-1.629172079265117645e-02,-1.978604644536972046e-01
-5.507455021142959595e-02,2.417456150054931641e+00,1.092246696352958679e-01,-1.600496470928192139e-01,-1.966179721057415009e-02,-8.816723525524139404e-02,9.364772588014602661e-02,-1.375937610864639282e-01
1.337755560874938965e+00,-1.909045577049255371e+00,-1.771130084991455078e+00,1.132235407829284668e+00,-2.728409506380558014e-02,5.501655489206314087e-02,1.664723008871078491e-01,1.876447796821594238e-01
-1.813686132431030273e+00,-1.830291271209716797e+00,2.028924465179443359e+00,1.737858057022094727e+00,1.584934890270233154e-01,1.569727808237075806e-01,-6.417502462863922119e-02,-3.055723570287227631e-02
1.786735773086547852e+00,3.450346589088439941e-01,-1.983765006065368652e+00,7.779736537486314774e-03,-1.500051170587539673e-01,-4.013866558670997620e-02,1.822895407676696777e-01,-1.336233317852020264e-01
1.689530968666076660e+00,1.385111093521118164e+00,-1.679892778396606445e+00,-8.699229955673217773e-01,-1.312207430601119995e-01,-7.248386740684509277e-02,-1.647079586982727051e-01,1.244878321886062622e-01
-1.349533438682556152e+00,1.757288813591003418e+00,1.694642186164855957e+00,-1.795739866793155670e-02,2.528209090232849121e-01,2.110250480473041534e-02,3.194016590714454651e-02,-2.232929021120071411e-01
1.370462536811828613e+00,1.970797538757324219e+00,-1.017362833023071289e+00,-2.911553978919982910e-01,4.083358123898506165e-02,-3.153278026729822159e-03,-3.188278526067733765e-02,-2.339245192706584930e-02
1.822986602783203125e+00,-1.680249333381652832e+00,-1.409455537796020508e+00,1.173561811447143555e+00,1.118955016136169434e-01,-7.919234037399291992e-02,-4.219396784901618958e-02,-1.900212764739990234e-01
1.838377237319946289e+00,-1.203363895416259766e+00,-1.998624682426452637e+00,2.976323962211608887e-01,-3.326394855976104736e-01,1.460148394107818604e-01,8.721236139535903931e-02,1.057676412165164948e-02
1.740156412124633789e+00,5.877854824066162109e-01,-2.165220260620117188e+00,-1.096082448959350586e+00,-1.898816525936126709e-01,1.521731540560722351e-02,-1.778821088373661041e-02,1.372910439968109131e-01
-2.046288967132568359e+00,-8.480225801467895508e-01,1.806922793388366699e+00,-1.060190200805664062e-01,2.418613582849502563e-01,-7.093988358974456787e-02,1.850998252630233765e-01,4.821093752980232239e-02
1.780837416648864746e+00,1.072498783469200134e-01,-1.246540427207946777e+00,1.968843191862106323e-01,-4.545978829264640808e-02,1.727643539197742939e-03,-3.828820306807756424e-03,-1.028618682175874710e-02
-1.167211294174194336e+00,-1.841992497444152832e+00,1.671486735343933105e+00,1.114160418510437012e+00,2.447147667407989502e-02,-9.612097591161727905e-02,5.607196688652038574e-02,-1.210564654320478439e-02
1.037282824516296387e+00,1.604349017143249512e+00,-1.770364999771118164e+00,-9.897171854972839355e-01,-5.906273424625396729e-02,1.854139864444732666e-01,1.857039481401443481e-01,-2.176117710769176483e-02
1.859023571014404297e+00,-1.466672420501708984e+00,-2.084448337554931641e+00,-6.608403325080871582e-01,-5.060967206954956055e-01,-1.839413493871688843e-01,2.732191979885101318e-01,-1.421083807945251465e-01
-1.235271096229553223e+00,2.253637313842773438e+00,3.377346694469451904e-01,3.684960305690765381e-01,9.255925565958023071e-02,1.121988240629434586e-02,6.243392359465360641e-03,-1.887209597043693066e-03
1.706951856613159180e+00,-1.409806489944458008e+00,-1.898926019668579102e+00,-4.588276147842407227e-01,-4.240923821926116943e-01,5.445411428809165955e-02,-8.902090787887573242e-02,7.036373764276504517e-02
-1.503162503242492676e+00,2.217307567596435547e+00,1.550562381744384766e+00,-1.273491859436035156e+00,9.633751213550567627e-02,1.417383551597595215e-01,1.062351651489734650e-02,1.368421614170074463e-01
1.652975559234619141e+00,1.207369208335876465e+00,-1.619158506393432617e+00,-6.257045269012451172e-01,2.927304804325103760e-01,-6.487865746021270752e-02,5.235623195767402649e-02,-1.264276634901762009e-02
1.544685602188110352e+00,-3.472978249192237854e-02,-1.447828054428100586e+00,-1.210235834121704102e+00,-2.050469666719436646e-01,-1.997960172593593597e-02,-1.180559769272804260e-02,-2.050783485174179077e-02
1.883858919143676758e+00,-1.110113501548767090e+00,-1.381859183311462402e+00,2.138779312372207642e-01,9.196525067090988159e-02,-1.144409086555242538e-02,1.904761046171188354e-02,9.115701541304588318e-03
