-1.066119000315666199e-01
1.322231441736221313e-01
3.321886062622070312e-02
-2.502115666866302490e-01
2.669537663459777832e-01
2.976530976593494415e-02
-2.724615037441253662e-01
-7.490018382668495178e-03
-3.498660624027252197e-01
-5.152296423912048340e-01
4.638861119747161865e-01
1.584184467792510986e-01
9.634221345186233521e-02
4.116497933864593506e-02
2.954708337783813477e-01
4.603305459022521973e-01
2.584839165210723877e-01
-1.763734519481658936e-01
-6.167935132980346680e-01
3.059469461441040039e-01
