4.986207932233810425e-05
5.445959568023681641e-01
-6.260409951210021973e-02
-2.517981082201004028e-02
1.572570800781250000e-01
4.590159654617309570e-01
3.961879760026931763e-02
-5.919659733772277832e-01
-6.303951740264892578e-01
8.466840982437133789e-01
1.038866862654685974e-01
-8.892143517732620239e-02
1.524902284145355225e-01
3.235477209091186523e-01
2.351509481668472290e-01
7.448871433734893799e-02
1.850447207689285278e-01
3.007590174674987793e-01
-2.248267531394958496e-01
-2.067194730043411255e-01
-4.108673930168151855e-01
1.600215584039688110e-01
1.757303774356842041e-01
-1.529005169868469238e-01
-2.880341708660125732e-01
6.267417222261428833e-02
1.310202926397323608e-01
-1.999637112021446228e-02
-2.447100169956684113e-02
5.073779448866844177e-02
3.228092789649963379e-01
-1.993946731090545654e-01
2.481162101030349731e-01
1.480844914913177490e-01
-1.910121440887451172e-01
1.199157088994979858e-01
-2.043521106243133545e-01
7.185828406363725662e-03
-4.552100598812103271e-01
1.676075160503387451e-02
