2.491189986467361450e-01
-3.105373382568359375e-01
-3.577758967876434326e-01
-4.868558049201965332e-01
3.005888126790523529e-02
-8.279024958610534668e-01
7.384327054023742676e-02
-5.306404829025268555e-01
1.165459081530570984e-01
-3.243287205696105957e-01
4.797791540622711182e-01
6.791108101606369019e-02
1.141073703765869141e+00
2.615221142768859863e-01
-2.768127806484699249e-02
3.743981122970581055e-01
-6.089763641357421875e-01
-2.390745133161544800e-01
6.465514302253723145e-01
3.269454091787338257e-02
