2.392574250698089600e-01
-1.143634676933288574e+00
-5.481139421463012695e-01
-2.275516092777252197e-01
-4.266477525234222412e-01
-8.684929609298706055e-01
7.682223916053771973e-01
2.796699404716491699e-01
3.354642987251281738e-01
2.811781764030456543e-01
-5.449573993682861328e-01
9.490246325731277466e-02
3.856183215975761414e-02
-3.697889745235443115e-01
-5.279178619384765625e-01
-1.033823370933532715e+00
-1.738891154527664185e-01
-3.611802160739898682e-01
3.985206782817840576e-01
-4.357978701591491699e-01
2.568490803241729736e-01
9.945466518402099609e-01
-9.991611838340759277e-01
2.990506589412689209e-01
1.565309524536132812e+00
5.286529064178466797e-01
5.049522519111633301e-01
4.610683917999267578e-01
-9.319510459899902344e-01
-9.659466743469238281e-01
-6.011511087417602539e-01
1.348502188920974731e-01
2.075151801109313965e-01
-1.960130184888839722e-01
8.580058813095092773e-01
-2.109151780605316162e-01
5.280600190162658691e-01
1.716460883617401123e-01
6.906188726425170898e-01
-4.388281702995300293e-01
