3.512119054794311523e-01
2.616233425214886665e-03
2.811436355113983154e-01
-1.385065764188766479e-01
-3.664284050464630127e-01
3.269713819026947021e-01
-4.355486035346984863e-01
4.972619414329528809e-01
3.594062849879264832e-02
-3.558688163757324219e-01
-8.103232979774475098e-01
-5.045399442315101624e-02
1.057474851608276367e+00
3.033326268196105957e-01
1.959061026573181152e-01
1.402362883090972900e-01
-2.906020171940326691e-02
1.672239154577255249e-01
2.226306945085525513e-01
3.033654391765594482e-01
