7.161989212036132812e-01
4.795454442501068115e-01
4.096176326274871826e-01
-4.742521941661834717e-01
-3.214192688465118408e-01
-3.844715356826782227e-01
4.563018381595611572e-01
9.594270586967468262e-01
-8.129175305366516113e-01
-2.161694914102554321e-01
-1.003936082124710083e-01
7.819702625274658203e-01
5.504870042204856873e-02
-8.899150490760803223e-01
7.050474286079406738e-01
2.411222606897354126e-01
-2.695508897304534912e-01
2.954121530055999756e-01
3.472416400909423828e-01
2.467614859342575073e-01
-3.373285830020904541e-01
7.835358381271362305e-01
8.106818795204162598e-02
2.477378100156784058e-01
6.202153563499450684e-01
-4.198512434959411621e-02
-4.142243564128875732e-01
-1.483167707920074463e-01
3.781550824642181396e-01
5.516974329948425293e-01
5.520096421241760254e-01
2.469099164009094238e-01
3.589870333671569824e-01
-8.186597228050231934e-01
-2.349150627851486206e-01
-6.212648749351501465e-01
7.926534116268157959e-02
1.075228452682495117e-01
1.570885884575545788e-03
-1.426538079977035522e-01
