-3.381979703903198242e+00,4.863773658871650696e-02,-1.505226254463195801e+00,-7.359755784273147583e-02,1.538438200950622559e-01,-1.140145063400268555e-01
-3.517177343368530273e+00,-1.868323534727096558e-01,-1.612631827592849731e-01,1.247336417436599731e-01,1.506203263998031616e-01,-1.714694947004318237e-01
3.640337228775024414e+00,3.589541673660278320e+00,1.045069545507431030e-01,3.949804231524467468e-02,-5.494909733533859253e-02,1.119711319915950298e-03
-2.591495275497436523e+00,-2.065088748931884766e+00,-3.524310290813446045e-01,8.245917409658432007e-02,1.019930392503738403e-01,7.141278591006994247e-03
-3.095076322555541992e+00,2.701961398124694824e-01,-1.410456895828247070e-01,1.370860487222671509e-01,-1.176757290959358215e-01,2.523119188845157623e-02
3.145942449569702148e+00,-2.408174276351928711e+00,-1.316891461610794067e-01,1.948137581348419189e-01,-9.398885816335678101e-02,1.660741716623306274e-01
2.908540010452270508e+00,1.281594038009643555e+00,2.078241407871246338e-01,1.831397116184234619e-01,-1.278645992279052734e-01,-2.749356329441070557e-01
-8.373160660266876221e-02,4.823549747467041016e+00,8.196027278900146484e-01,1.807945072650909424e-01,1.535536646842956543e-01,2.551196813583374023e-01
5.793954730033874512e-01,-4.606300830841064453e+00,-3.780909776687622070e-01,-1.993457973003387451e-01,3.863081336021423340e-01,-1.186642497777938843e-01
3.523720026016235352e+00,1.980314612388610840e+00,1.123356223106384277e+00,1.654388010501861572e-01,2.322317510843276978e-01,1.896752715110778809e-01
3.096642971038818359e+00,-1.872461080551147461e+00,3.789909929037094116e-02,4.287246465682983398e-01,3.816780447959899902e-02,1.537712067365646362e-01
2.081088781356811523e+00,3.837223291397094727e+00,4.640220403671264648e-01,1.538677066564559937e-01,-1.261249091476202011e-02,-3.121574223041534424e-01
2.819113254547119141e+00,-9.097354412078857422e-01,6.959009170532226562e-02,5.655899178236722946e-03,-8.761114440858364105e-04,-6.549247773364186287e-04
-6.479486227035522461e-01,-4.855743885040283203e+00,-5.655975341796875000e-01,1.250782012939453125e-01,-3.276617527008056641e-01,1.079396605491638184e-01
8.223788738250732422e-01,4.722153663635253906e+00,5.210907459259033203e-01,8.659064769744873047e-03,-9.723778069019317627e-02,-1.295666247606277466e-01
3.624954223632812500e+00,2.632508993148803711e+00,-7.835719585418701172e-01,-9.642545878887176514e-02,7.218794524669647217e-02,-4.764533136039972305e-03
3.341539382934570312e+00,3.918449878692626953e-01,1.767345704138278961e-02,5.441006273031234741e-03,1.495404751040041447e-03,6.212742882780730724e-04
3.240265369415283203e+00,-1.733078504912555218e-03,-1.291696578264236450e-01,-3.905294835567474365e-01,6.339813023805618286e-02,2.179545909166336060e-01
3.015243768692016602e+00,5.679674148559570312e-01,-1.815491914749145508e-02,-2.027658559381961823e-02,8.415141142904758453e-03,-8.908085525035858154e-03
2.962586402893066406e+00,-1.657431602478027344e+00,1.113287406042218208e-03,-8.496538549661636353e-02,-1.657222807407379150e-01,-1.031442638486623764e-02
-3.128401279449462891e+00,1.022421836853027344e+00,-2.201084233820438385e-02,6.928443908691406250e-02,-2.467790096998214722e-01,6.875148415565490723e-02
-1.373616576194763184e+00,4.572584629058837891e+00,2.062421292066574097e-01,1.048894524574279785e-01,-5.391891114413738251e-03,2.523785829544067383e-02
3.466653347015380859e+00,2.750490427017211914e+00,-4.755257163196802139e-03,-1.009846106171607971e-02,-1.455014944076538086e-02,-4.434920474886894226e-02
2.944052696228027344e+00,-1.793087482452392578e+00,-1.345251649618148804e-01,-4.451873525977134705e-02,3.886294364929199219e-02,-4.077593982219696045e-02
-3.781527042388916016e+00,2.967705249786376953e+00,3.976592049002647400e-02,-1.272605173289775848e-02,7.738167885690927505e-03,-1.117473654448986053e-02
2.944801092147827148e+00,-2.208654880523681641e+00,6.555613130331039429e-02,-1.175520867109298706e-01,-1.126890257000923157e-02,1.176388114690780640e-01
-3.466934919357299805e+00,-3.021427869796752930e+00,-3.109084442257881165e-02,1.178018096834421158e-02,-9.220810607075691223e-03,6.706553045660257339e-03
-3.775393724441528320e+00,-3.091868877410888672e+00,-8.852820396423339844e-01,-8.790358901023864746e-03,1.532110422849655151e-01,1.541158258914947510e-01
-3.659515380859375000e+00,-1.356102347373962402e+00,-1.357285380363464355e+00,-7.949704676866531372e-02,-1.056610494852066040e-01,-1.998907327651977539e-02
2.276298761367797852e+00,2.556097507476806641e+00,5.579679012298583984e-01,-2.247245237231254578e-02,-5.144633725285530090e-02,1.121952384710311890e-01
-2.941719293594360352e+00,2.571837663650512695e+00,-3.719318658113479614e-02,6.569022685289382935e-02,1.608930155634880066e-02,1.036625728011131287e-01
3.644735097885131836e+00,2.711244583129882812e+00,1.167823299765586853e-01,6.137501820921897888e-02,-5.193744227290153503e-02,6.484092772006988525e-02
3.393847227096557617e+00,-5.554746370762586594e-03,-5.172409117221832275e-02,-5.492603406310081482e-03,-8.027658332139253616e-04,4.673977382481098175e-03
6.569598913192749023e-01,-4.646273612976074219e+00,-4.112580418586730957e-01,-5.326133593916893005e-02,-1.498229652643203735e-01,-1.010298281908035278e-01
-2.949842929840087891e+00,9.348559975624084473e-01,-4.725231230258941650e-01,-2.129613012075424194e-01,1.004435401409864426e-02,-1.660462282598018646e-02
3.402684450149536133e+00,-9.209367036819458008e-01,7.487310767173767090e-01,2.484135180711746216e-01,1.834643781185150146e-01,-2.310893237590789795e-01
-3.050472974777221680e+00,2.597344398498535156e+00,-3.261084854602813721e-01,2.045523673295974731e-01,8.344729430973529816e-03,2.153840512037277222e-01
-3.592763185501098633e+00,-2.155861616134643555e+00,-8.554640412330627441e-02,-1.420649439096450806e-01,-1.220392584800720215e-01,-2.479330599308013916e-01
-3.705840587615966797e+00,-1.722717285156250000e+00,-3.304468393325805664e-01,1.913717389106750488e-01,1.379814445972442627e-01,3.403247296810150146e-01
-3.697624206542968750e+00,-2.775141954421997070e+00,-1.066904291510581970e-01,-2.111402712762355804e-02,3.242032229900360107e-02,-1.428410178050398827e-05
