-9.357693046331405640e-02
2.139358222484588623e-01
4.461239874362945557e-01
3.825758397579193115e-01
-3.536879718303680420e-01
-1.040787249803543091e-01
-2.954949736595153809e-01
-1.028949543833732605e-01
5.885813236236572266e-01
-1.148687303066253662e-01
-3.100830614566802979e-01
-3.042429685592651367e-01
-4.842935204505920410e-01
1.572809554636478424e-02
-4.705404117703437805e-02
-1.126930266618728638e-01
-2.311700433492660522e-01
7.663221657276153564e-02
-1.885403394699096680e-01
-1.314639598131179810e-01
