-5.129011273384094238e-01
1.253828704357147217e-01
2.136967480182647705e-01
8.501936495304107666e-02
-4.511838853359222412e-01
1.128010511398315430e+00
-1.071216225624084473e+00
3.002408146858215332e-02
-9.364260733127593994e-02
-5.665193200111389160e-01
3.772977590560913086e-01
2.050236761569976807e-01
1.930964142084121704e-01
-1.125811219215393066e+00
-1.228600740432739258e+00
8.880314975976943970e-02
-1.707881540060043335e-01
2.452300786972045898e-01
-1.001287460327148438e+00
-1.170309066772460938e+00
-4.588146209716796875e-01
9.651654958724975586e-01
-8.279879689216613770e-01
9.345190227031707764e-02
-4.767320677638053894e-02
-5.434907041490077972e-03
1.966607868671417236e-01
8.194563984870910645e-01
8.786174654960632324e-02
1.278048157691955566e-01
-4.707144498825073242e-01
-1.499050259590148926e-01
-1.767053604125976562e-01
8.429481089115142822e-02
1.803566962480545044e-01
2.502842843532562256e-01
-8.702950179576873779e-02
1.086202636361122131e-01
-1.033139154314994812e-01
2.401756793260574341e-01
