1.446407381445169449e-02
4.007949829101562500e-01
6.944244503974914551e-01
-6.835404038429260254e-02
1.138343885540962219e-01
-1.105775032192468643e-02
-2.723778784275054932e-02
1.655980497598648071e-01
8.696088194847106934e-02
4.802323579788208008e-01
1.445965562015771866e-02
2.140045166015625000e-02
-1.313563734292984009e-01
-3.929853439331054688e-01
-4.474200010299682617e-01
2.575354576110839844e-01
1.386110782623291016e-01
2.657237946987152100e-01
3.047770857810974121e-01
-3.753008246421813965e-01
