-1.660137474536895752e-01
7.358680367469787598e-01
1.077258586883544922e+00
-2.187072932720184326e-01
8.162184953689575195e-01
-2.698544561862945557e-01
5.501478910446166992e-02
1.469115465879440308e-01
-3.087747395038604736e-01
-2.694823741912841797e-01
-1.579250991344451904e-01
-5.287908017635345459e-03
1.011648476123809814e-01
2.522652596235275269e-02
1.336131058633327484e-02
2.120772004127502441e-01
-5.745054408907890320e-02
-5.310556292533874512e-02
-1.753750592470169067e-01
-1.411072909832000732e-01
-1.538502871990203857e-01
7.919338941574096680e-01
-9.357882291078567505e-02
-1.272347867488861084e-01
3.692788071930408478e-03
8.010996133089065552e-02
-9.706008434295654297e-02
1.909317970275878906e-01
-2.236575186252593994e-01
1.501479595899581909e-01
-3.056005574762821198e-02
-4.544461667537689209e-01
1.442099958658218384e-01
-3.036446683108806610e-02
9.776689112186431885e-02
-2.870345115661621094e-01
-2.681782543659210205e-01
5.397606268525123596e-02
-3.221843764185905457e-02
6.673604249954223633e-01
