-6.888100504875183105e-01
-1.674410551786422729e-01
-1.647354811429977417e-01
4.699223339557647705e-01
-7.675298303365707397e-02
-1.568791568279266357e-01
-2.948371469974517822e-01
1.832505166530609131e-01
-3.508330583572387695e-01
9.963566437363624573e-03
-1.855352371931076050e-01
2.628353238105773926e-01
-2.688201963901519775e-01
1.915968060493469238e-01
-8.280433416366577148e-01
5.242831110954284668e-01
-4.740413129329681396e-01
4.216383397579193115e-02
-3.614007234573364258e-01
3.035859167575836182e-01
