-4.124321937561035156e-01
-4.506502747535705566e-01
-2.785665392875671387e-01
-1.138743385672569275e-01
4.839403629302978516e-01
1.326191723346710205e-01
7.209681272506713867e-01
8.387134075164794922e-01
7.030032575130462646e-02
-1.742430031299591064e-01
-2.337610907852649689e-02
-5.305158719420433044e-02
-1.343335360288619995e-01
2.608041465282440186e-01
3.684671223163604736e-02
5.076402425765991211e-01
-3.002726435661315918e-01
-3.137130439281463623e-01
-2.747116144746541977e-03
2.041869759559631348e-01
1.715473830699920654e-02
-3.307758569717407227e-01
-1.294086724519729614e-01
9.094325900077819824e-01
-6.218996271491050720e-02
3.024895787239074707e-01
-3.424917161464691162e-01
-3.459501564502716064e-01
-2.978994697332382202e-02
-4.015846177935600281e-02
-4.990382865071296692e-02
-4.949154332280158997e-02
6.088478863239288330e-02
-3.350019752979278564e-01
2.303114831447601318e-01
-3.314372897148132324e-01
1.403648555278778076e-01
-3.540922105312347412e-01
5.973772704601287842e-02
4.716213792562484741e-02
