4.098684787750244141e-01
6.579780578613281250e-02
-2.697216570377349854e-01
3.842764198780059814e-01
-2.069102376699447632e-01
-1.505819708108901978e-01
-1.256736740469932556e-02
9.006714075803756714e-02
-1.310938298702239990e-01
-2.047529965639114380e-01
-5.881581902503967285e-01
-2.973684370517730713e-01
8.351774215698242188e-01
-3.019255697727203369e-01
5.971546471118927002e-02
3.000637292861938477e-01
9.289733320474624634e-02
1.383713483810424805e-01
-4.025676846504211426e-01
-5.198029875755310059e-01
