1.775010526180267334e-01
3.518280759453773499e-02
-2.651646733283996582e-01
9.403050690889358521e-02
-1.350315511226654053e-01
-2.889073491096496582e-01
1.914555728435516357e-01
-5.259833931922912598e-01
-2.151712179183959961e-01
2.514237165451049805e-02
-5.109538435935974121e-01
-1.529834270477294922e-01
3.555933833122253418e-01
-1.284729838371276855e-01
-1.095819054171442986e-03
2.975313179194927216e-02
1.883792579174041748e-01
1.361210942268371582e-01
1.197715327143669128e-01
-6.060571074485778809e-01
6.253813505172729492e-01
1.852085292339324951e-01
-4.128335788846015930e-02
1.207360029220581055e-01
-3.263034299015998840e-02
2.021540515124797821e-02
-2.569011747837066650e-01
-3.172354996204376221e-01
3.359057605266571045e-01
1.424137204885482788e-01
-1.125799939036369324e-01
-5.919463634490966797e-01
-1.742623001337051392e-02
2.488164976239204407e-02
-1.882912218570709229e-02
-9.374677389860153198e-02
1.059199217706918716e-02
1.122371926903724670e-01
3.287627398967742920e-01
7.390229105949401855e-01
