-2.601781189441680908e-01
-5.597325563430786133e-01
-1.582602038979530334e-02
-1.774263530969619751e-01
-2.838601469993591309e-01
4.522675573825836182e-01
5.155923366546630859e-01
-5.588275790214538574e-01
-2.293901741504669189e-01
4.321790859103202820e-02
7.535766810178756714e-02
-4.819988310337066650e-01
5.139595270156860352e-02
4.657146707177162170e-02
3.589570820331573486e-01
3.019217848777770996e-01
4.855274781584739685e-02
1.478647738695144653e-01
-5.098896026611328125e-01
-7.596404105424880981e-02
