-8.002495169639587402e-01
-7.373318672180175781e-01
2.740032672882080078e-01
-2.307528555393218994e-01
-1.035452961921691895e+00
-7.569556236267089844e-01
-4.433315098285675049e-01
-7.089087963104248047e-01
-1.629347503185272217e-01
3.402277529239654541e-01
-3.690487742424011230e-01
-4.162183105945587158e-01
-9.335241466760635376e-02
-1.593649685382843018e-01
-5.648235082626342773e-01
4.146631062030792236e-01
2.256534844636917114e-01
-4.498561024665832520e-01
2.851155996322631836e-01
3.441343307495117188e-01
1.264809072017669678e-02
-2.491835057735443115e-01
-9.485767483711242676e-01
1.644369065761566162e-01
-6.452837586402893066e-01
2.179834544658660889e-01
-9.315536618232727051e-01
1.023669600486755371e+00
6.090096235275268555e-01
-3.743882775306701660e-01
4.359973371028900146e-01
5.099408626556396484e-01
6.063441038131713867e-01
-5.390296578407287598e-01
-7.180073857307434082e-01
-4.158742725849151611e-02
2.487501800060272217e-01
3.098533116281032562e-02
1.154852844774723053e-02
5.161059498786926270e-01
