#q1           q2            q3            q4            q5            q6            lamb1         lamb2         lamb3         lamb4         lamb5         lamb6         
-5.9301638451353272e-14  9.9999999999995837e-01  -1.7884466601861715e-01  1.9557908693166575e+00  -1.1064766823279650e+00  6.0187217730464537e+00  5.9832166903705589e-03  -6.0749274216167115e-01  -2.2961429200767230e-01  3.0176896664365810e-01  9.6929627030520132e-02  7.4006165694355495e-03  
2.4653571277245915e-15  1.0000000000000016e+00  -2.7998682926767310e-01  2.2515332640904520e+00  -1.2429718488846848e+00  6.2551195669638453e+00  -4.4179722837418967e-01  1.8179827475398036e+00  8.3166974856957024e-02  -1.1426689646065615e+00  4.4659367025618207e-02  2.1322459164986290e-01  
-6.4337805838312545e-15  1.0000000000000091e+00  -3.8209274493806650e-01  2.0507984495500868e+00  -1.6877424519905468e+00  5.4691148910981671e+00  -3.9467365585391045e-01  4.5967904251679581e-01  -1.8045741782955882e-01  -4.3949749467873406e-01  1.7489960257795228e-01  1.5099938919035505e-01  
-2.4210054667352684e-14  9.9999999999998401e-01  -1.3662895964033211e-01  1.9551215378872142e+00  -8.9205649788738772e-01  5.5297753963756957e+00  1.2707022657581341e-01  -5.5308380958190273e-01  -3.1742061686233980e-01  2.7395241338790838e-01  1.0468886062310900e-01  9.0588944535532623e-03  
-7.4452512491378877e-15  9.9999999999999634e-01  -2.6267277452714788e-01  1.8258222144945124e+00  -1.7661552616896290e+00  5.1228507651629185e+00  5.5952334681108615e+00  -3.1521186902850520e+00  -1.0872476241711434e+01  -5.3220991617100299e-01  4.4978153212993073e+00  1.3775731700443281e+00  
6.4939528228419647e-16  9.9999999999999689e-01  -3.0668470936317577e-01  1.6665289691245120e+00  -9.8562698519541792e-01  3.1399809074536860e+00  -2.9972679540452718e-01  5.1203887459461743e+00  -1.7778777269550257e+00  -6.4462805761350435e+00  1.1494700345209421e+00  2.0042518620082181e+00  
-3.3866327716523115e-14  9.9999999999996281e-01  -2.8762243297845730e-01  1.7778030134185077e+00  -9.9855639041397237e-01  5.0970971826909137e+00  -7.1378291926671666e-01  -1.0833763072775811e+00  4.3802610381327411e-01  5.1551379722614876e-01  -4.3251868904150351e-03  -5.0399020598731782e-03  
8.5456256174015245e-15  9.9999999999999334e-01  -3.1158552824721875e-01  1.6021162943646983e+00  -6.6734113400175343e-01  3.1427858865754743e+00  -3.4547013887710754e+00  -6.7663875500687154e-01  4.0799205245760843e+00  -4.3264092132843812e-01  -1.0169788513073885e+00  2.9412414468085835e-01  
-7.6369810905264624e-15  1.0000000000000024e+00  -2.1565942552993619e-01  1.7823160408023857e+00  -1.0647894730618728e+00  4.5776400429057382e+00  -3.9983195958846002e-02  -1.1982296938700423e+00  -3.3794869834455815e-01  5.2200708093359494e-01  1.7954205617367414e-01  1.5006276863652579e-02  
-7.0217160393902507e-15  1.0000000000000078e+00  -3.9550291204588056e-01  2.0909046359868770e+00  -1.0445406757478062e+00  5.5369612843489744e+00  -2.4346641512975635e+00  1.1379526412393988e+00  2.3526773245541248e+00  -8.2511132308070878e-01  -4.5842458441821460e-01  1.8127475052791192e-01  
1.9727112245130443e-14  1.0000000000000304e+00  -3.4450275396268160e-01  1.9926700523969985e+00  -6.3707489748113089e-01  5.6693943812385381e+00  -2.2887232208166277e+00  2.3091206656188225e-02  2.2732783279045341e+00  -1.8616536040985079e-01  -4.4242947819886497e-01  9.9300156671786433e-02  
-9.9148576337231900e-15  1.0000000000000100e+00  -3.3011655399215489e-01  1.7514696991892371e+00  -1.6389311692670896e+00  5.5050513226214122e+00  -2.5586050880895483e-01  -2.0743951356117609e+00  -4.4324483459923680e-01  9.2824373432344864e-01  3.6048128181132461e-01  3.5139843332202769e-02  
-2.2021801983146073e-14  9.9999999999993883e-01  -2.4479891911579577e-01  1.5641628118179167e+00  -1.5160672194486955e+00  5.1057436366446041e+00  1.0490137789661718e+00  -5.2842429774254702e+00  -2.9306203594967943e+00  2.2650492048743471e+00  1.5347950952191067e+00  2.2454736223605756e-01  
9.8854306190260483e-16  9.9999999999999967e-01  -1.5293099176251540e-01  1.8864631559006744e+00  -1.4488821409627282e+00  5.7923624334503137e+00  1.7883427890576227e+00  -1.5240299684784770e+00  -2.8937383047473055e+00  3.0305297699533651e-01  9.4311229746310354e-01  2.0906647721979837e-01  
-4.5183508907455039e-15  1.0000000000000093e+00  -2.0036988377139020e-01  2.2465401759799750e+00  -7.6578020760567456e-01  5.7924847767258942e+00  -6.3294286308223902e-01  4.1301322577036821e+00  2.8415855061417361e-01  -2.9854392702688894e+00  -2.6725598852576384e-04  5.6789559950942703e-01  
-8.1935205410837984e-15  9.9999999999998701e-01  -2.8785191396996246e-01  1.6884010390798783e+00  -9.6940279515199679e-01  3.0815744449017171e+00  1.3780410759675390e+00  1.6884151441618023e+01  -8.1918941392080917e+00  -2.0729489310068971e+01  4.4579630784897688e+00  6.5856007797631655e+00  
-1.7796840063509300e-15  1.0000000000000062e+00  -3.5682494640861778e-01  2.1978839363137448e+00  -1.4348532857460814e+00  5.9350337791495713e+00  -8.8549625694671141e-01  1.7797479933967673e+00  4.8586102102974305e-01  -1.1682000421988681e+00  -2.6965185343294562e-02  2.2570562402029998e-01  
-4.7972109898764560e-15  9.9999999999997391e-01  -1.7634343383681531e-01  1.7834982517833877e+00  -1.0271894316455195e+00  3.6119112281359920e+00  5.1569329463334363e+01  5.7026731998844852e+01  -9.9907287586601740e+01  -8.0729696428830408e+01  4.1278997327603939e+01  2.8702458479245657e+01  
-4.0831178887578379e-15  9.9999999999997580e-01  -3.2693925281017311e-01  2.0487436768571787e+00  -1.3684894315199903e+00  5.3310925313693751e+00  -5.9841166180866168e-01  6.3173688552259777e-01  2.2452730893132200e-01  -4.7967177919353987e-01  3.4815989621481941e-02  1.2898767135481290e-01  
-1.5580892336650069e-15  1.0000000000000169e+00  -2.0262141426479505e-01  1.6781390432060086e+00  -1.3902193951498418e+00  6.3775505302746796e+00  1.5921859942935535e-01  -2.2261774985965430e+00  -7.6389523715937924e-01  9.2683195713988176e-01  3.8030764975314058e-01  3.6852031971950874e-02  
-1.5672440356583246e-15  9.9999999999999245e-01  -2.6362497630407594e-01  2.0663102230741521e+00  -7.3625126640548844e-01  4.7217168852278766e+00  -2.5003391549501917e+00  6.6417310055593601e+00  2.2919732867015936e+00  -5.6969924106038832e+00  -4.7896704000826584e-01  1.2302381115674748e+00  
6.7754674633304927e-15  1.0000000000000022e+00  -2.6586333740599999e-01  1.9955157246181545e+00  -1.5230089001865037e+00  4.8519089804789717e+00  5.3366898606865654e+00  5.9692383504201771e+00  -1.0788396678529068e+01  -7.3135426273183253e+00  4.1439167998826330e+00  2.4179511694918427e+00  
-3.9430955514001790e-16  1.0000000000000089e+00  -3.9441120377693106e-01  2.3958139719327174e+00  -1.2638476543554540e+00  6.1634499864099910e+00  -4.8848378196155959e+00  1.3071770980315065e+01  3.3373874046883296e+00  -1.0058448769292168e+01  -5.2195870263944488e-01  1.9442485980231528e+00  
9.5066393960431379e-15  1.0000000000000056e+00  -3.7522899796450959e-01  1.9668930838906140e+00  -1.3210750466193013e+00  4.5228320506095354e+00  -1.1772115360357729e+00  3.2513960508633035e+00  3.8991325586857661e-01  -2.9262523993255201e+00  1.0891111760264016e-01  6.8828664550500518e-01  
-3.1606504237117965e-14  1.0000000000000406e+00  -2.3453819158723363e-01  1.8649784734526320e+00  -1.5961208450488820e+00  5.4835945134488728e+00  1.4095652047211256e+00  -1.7038480747855471e+00  -2.6456705717136622e+00  4.1798233133232882e-01  9.6445820640383040e-01  2.1655536327633160e-01  
5.5311899629092766e-14  1.0000000000000964e+00  -2.2807980412752507e-01  2.0086203427792464e+00  -9.0346540274240983e-01  6.0067897505367496e+00  -5.0101445027890179e-01  -3.0742373892912234e-01  3.3690731341414071e-01  2.0842869200976039e-01  -3.1418657986898718e-02  7.6411165888742275e-04  
-4.7676556628866186e-15  1.0000000000000018e+00  -3.2885692314826082e-01  1.9922045319648862e+00  -1.6242417789648373e+00  5.1090160327098166e+00  1.1314805935306635e+00  1.3103399107412339e+00  -2.7279716855370668e+00  -1.6460063641998630e+00  1.0416364906376359e+00  5.6318920087266044e-01  
3.7434935854194106e-14  9.9999999999997202e-01  -2.4934825975993624e-01  1.6228902043103333e+00  -1.7390826233076087e+00  5.7549401242143610e+00  1.5871021392520497e+00  -5.9065419033774837e+00  -3.8819954598519741e+00  2.4884276896398578e+00  1.9417135818828304e+00  3.0812366425029697e-01  
-1.9135720732458084e-14  1.0000000000000182e+00  -2.5060763872585912e-01  1.8751640360428055e+00  -1.0367661462545774e+00  5.2555433380497671e+00  -5.1683713455752156e-01  -7.1125225072117715e-01  2.9591063322908157e-01  3.6500592495292916e-01  -2.9084235404352272e-03  -3.5719954111763734e-03  
-1.6269725242968230e-14  9.9999999999999734e-01  -3.3434478829361858e-01  1.8105013961754926e+00  -1.5880374964586632e+00  4.7735922631244287e+00  9.3865359751593963e-02  -1.6954696579951447e+00  -9.1416042467457426e-01  6.8138308640688661e-01  4.7948458293589058e-01  8.1930693978449834e-02  
2.8544624832456228e-14  9.9999999999998868e-01  -1.8058915264573103e-01  1.5627835879926741e+00  -1.2471043693465182e+00  5.0128559376866164e+00  7.9895464699227303e-01  -3.6995443269823949e+00  -1.9574641136930797e+00  1.5105548555350541e+00  9.0076119878270922e-01  1.1678748689628440e-01  
1.6397546124125966e-15  1.0000000000000060e+00  -3.1393589069056499e-01  2.0253048078593885e+00  -1.6142090181995343e+00  5.8129025741611544e+00  -1.9987947649995313e-01  -5.4495303956832386e-01  -1.6816734314262660e-01  2.7015832740246887e-01  1.2329862663042863e-01  2.1161594500716190e-02  
-1.2218000409538189e-15  1.0000000000000075e+00  -2.9273165674087170e-01  1.8437461952580891e+00  -8.7286980006834791e-01  4.1056199391155710e+00  -1.6059436509412390e+00  7.5538376920651529e-01  1.5420966028577152e+00  -8.4677803971070453e-01  -3.0211924501136384e-01  2.3422834059202621e-01  
7.4504466118919788e-16  1.0000000000000078e+00  -1.9884712151245035e-01  1.7623447537207617e+00  -1.5329610159913507e+00  5.6860574209359971e+00  1.1684031182393704e+00  -2.6182857795479837e+00  -2.2668106829548837e+00  9.5078780166753751e-01  8.7440308967352909e-01  1.4315692246714123e-01  
3.3648966435561863e-15  1.0000000000000024e+00  -3.0790722135367193e-01  1.7674016780117963e+00  -1.3364095054265661e+00  4.0724965669299422e+00  6.7056508329900155e-01  -4.4633713087172033e-01  -2.0515481513380531e+00  -5.0622996482823324e-01  9.0818589939692840e-01  3.9472113855336266e-01  
-8.5824514766873240e-15  1.0000000000000120e+00  -3.3320534229318599e-01  1.7593497853656979e+00  -9.4718142998485266e-01  3.8351642918375353e+00  -1.9415835959662253e+00  -4.0410784437115549e-01  1.9445210833279494e+00  -3.1028808694849891e-02  -3.8714099087798709e-01  9.2863838007845645e-02  
-7.4269125644843399e-14  9.9999999999998412e-01  -1.7761379901951532e-01  2.1486237042350975e+00  -6.3303751289037347e-01  6.2968652441422650e+00  -5.2667456690501091e-01  -4.0765272643738856e-03  4.1790253800076793e-01  9.6561173804354111e-02  -5.9292938334422646e-02  5.6446353221710956e-03  
7.2639238905717994e-14  9.9999999999972511e-01  -2.8127590942534714e-01  1.6426940901946196e+00  -9.5992174101988892e-01  5.0347336799525557e+00  -8.7213213479829521e-01  -1.6997569234230845e+00  5.7985380537013920e-01  7.7049863187864609e-01  -5.7118254658414013e-03  -7.5301202544498097e-03  
1.0200273384168283e-13  9.9999999999953060e-01  -2.9584996701654298e-01  1.8206694500240512e+00  -1.3714043126613880e+00  3.8043848520468768e+00  8.0367427303511704e+01  1.1020985809235574e+02  -1.8502408487933829e+02  -1.5252170783608392e+02  8.3891052199359095e+01  5.7055714910928657e+01  
