2.114081569015979767e-02
7.834001183509826660e-01
4.531967639923095703e-02
-2.691710591316223145e-01
1.144300624728202820e-01
9.114083647727966309e-02
-2.168469280004501343e-01
-7.680988311767578125e-02
-1.058739274740219116e-01
-8.230581134557723999e-02
-1.492048613727092743e-02
-3.332576453685760498e-01
-6.524940580129623413e-02
-5.266672000288963318e-02
1.478316038846969604e-01
-1.758416742086410522e-01
1.390968728810548782e-02
6.558987498283386230e-02
-2.351853549480438232e-01
2.856051623821258545e-01
