1.033214852213859558e-01
-9.391249716281890869e-02
-4.388365149497985840e-02
-7.722793519496917725e-02
-3.023546934127807617e-01
-3.845675885677337646e-01
-1.608732715249061584e-02
-9.736774861812591553e-02
3.466433286666870117e-01
-5.104768276214599609e-02
-1.876181066036224365e-01
-9.567149877548217773e-01
6.287083774805068970e-02
-2.462195232510566711e-02
2.219507545232772827e-01
-3.942826762795448303e-02
9.141969680786132812e-02
8.562137931585311890e-02
3.982900679111480713e-01
1.908344775438308716e-01
1.160976365208625793e-01
-1.675749123096466064e-01
-1.676567047834396362e-01
-3.008707165718078613e-01
-2.224815636873245239e-01
1.546515822410583496e-01
-3.049079477787017822e-01
5.049062892794609070e-02
-2.433853596448898315e-02
5.401679780334234238e-03
-4.895180463790893555e-01
-1.187495589256286621e-01
-5.872424319386482239e-02
2.812689244747161865e-01
-1.207476034760475159e-01
-1.461800187826156616e-01
9.965468943119049072e-02
-4.557907581329345703e-01
2.797136008739471436e-01
-3.133738934993743896e-01
