-4.2847669856627135e-16   0.9999999999999999   0.001175999999999839   1.1552641600000002   0.004230463999999436   1.5024404938240012   0.010917358744319249   2.162079263138639   
-2.0239806103160048e-16   1.0   0.0005555030660233573   2.1286084905414002   0.0019983296961746974   8.62420434565093   0.005156995115091057   56.42280589047509   
-5.798801536075506e-17   1.0   0.00015915429308623475   2.7503421525968696   0.0005725310436622172   13.173303961228637   0.001477503837858156   91.08240086961254   
-2.8870532852826563e-18   1.0   7.923825670923426e-06   2.9875702676827665   2.85046422135353e-05   14.909054159430383   7.356058458922537e-05   104.30708354057887   
-4.2847669856627135e-16   0.9999999999999999   0.001175999999999839   1.1552641600000002   0.004230463999999436   1.5024404938240012   0.010917358744319249   2.162079263138639   
-2.0239806103160048e-16   1.0   0.0005555030660233573   2.1286084905414002   0.0019983296961746974   8.62420434565093   0.005156995115091057   56.42280589047509   
-5.798801536075506e-17   1.0   0.00015915429308623475   2.7503421525968696   0.0005725310436622172   13.173303961228637   0.001477503837858156   91.08240086961254   
-2.8870532852826563e-18   1.0   7.923825670923426e-06   2.9875702676827665   2.85046422135353e-05   14.909054159430383   7.356058458922537e-05   104.30708354057887   
-4.2847669856627135e-16   0.9999999999999999   0.001175999999999839   1.1552641600000002   0.004230463999999436   1.5024404938240012   0.010917358744319249   2.162079263138639   
-2.0239806103160048e-16   1.0   0.0005555030660233573   2.1286084905414002   0.0019983296961746974   8.62420434565093   0.005156995115091057   56.42280589047509   
-5.798801536075506e-17   1.0   0.00015915429308623475   2.7503421525968696   0.0005725310436622172   13.173303961228637   0.001477503837858156   91.08240086961254   
-2.8870532852826563e-18   1.0   7.923825670923426e-06   2.9875702676827665   2.85046422135353e-05   14.909054159430383   7.356058458922537e-05   104.30708354057887   
-5.798801536075506e-17   1.0   0.00015915429308623475   2.7503421525968696   0.0005725310436622172   13.173303961228637   0.001477503837858156   91.08240086961254   
