5.8  0.03635356216508802   2.6768605232615285e-05  0.9999833940608761  8.440012948381064e-05  1.8696728382809118  
6.5  0.007090260299972415   -6.167642480408898e-05  0.9999388614789088  -0.00022544743780240139  2.214321783556594  
7.5  0.0012783889764893727   0.00015416873830515835  0.9998813504271019  0.0006795224319764493  2.5154968148459234  
8.5  0.00031007274690664287   -0.00014083171176615405  1.0004082574001814  -0.0006935596489851728  2.695192781463091  
9.0  0.00016226864732309088   -5.721138748316903e-05  1.0003343765575186  -0.00029514852603927677  2.7548854779702547  
5.8  0.03635356216508802   2.6768605232615285e-05  0.9999833940608761  8.440012948381064e-05  1.8696728382809118  
5.8  0.03635356216508802   2.6768605232615285e-05  0.9999833940608761  8.440012948381064e-05  1.8696728382809118  
5.8  0.03635356216508802   2.6768605232615285e-05  0.9999833940608761  8.440012948381064e-05  1.8696728382809118  
5.8  0.03635356216508802   2.6768605232615285e-05  0.9999833940608761  8.440012948381064e-05  1.8696728382809118  
5.8  0.036353562165088116   2.6768605232615285e-05  0.9999833940608761  8.440012948381064e-05  1.8696728382809118  
6.5  0.007090260299965233   -6.167634735067827e-05  0.9999388612835489  -0.00022544715129961822  2.2143217826201904  
7.5  0.001278388976287879   0.00015416842072596553  0.9998813511915174  0.0006795210292118635  2.515496819400385  
8.5  0.00031007274697014166   -0.0001408316455300947  1.0004082576505509  -0.0006935593304931595  2.6951927830646776  
9.0  0.000162268646968319   -5.721099419071974e-05  1.0003343755554073  -0.0002951465149836215  2.75488547071634  
5.8  0.03635455993097752   2.709399994668314e-05  1.001875755906651  8.309415716717352e-05  1.8741700329379147  
6.5  0.0070921824204948575   -6.16647846823143e-05  1.0021138367861464  -0.00022737294665884438  2.2220872105041014  
7.5  0.0012808032551133827   0.00015666123355915186  1.0026316254665386  0.0006903941777281636  2.5292315497723425  
8.5  0.00031477838903795055   -0.00014056679060195257  1.0036994950468734  -0.0006961015207625454  2.7148932072812846  
9.0  0.00016730867126018146   -5.3577872685293806e-05  1.003832171008196  -0.0002790435800669764  2.777096740465524  
5.8  0.03635455993097752   2.709399994668314e-05  1.001875755906651  8.309415716717352e-05  1.8741700329379147  
6.5  0.0070921824204948575   -6.16647846823143e-05  1.0021138367861464  -0.00022737294665884438  2.2220872105041014  
7.5  0.0012808032551133827   0.00015666123355915186  1.0026316254665386  0.0006903941777281636  2.5292315497723425  
8.5  0.00031477838903795055   -0.00014056679060195257  1.0036994950468734  -0.0006961015207625454  2.7148932072812846  
9.0  0.00016730867126018146   -5.3577872685293806e-05  1.003832171008196  -0.0002790435800669764  2.777096740465524  
5.8  0.03635455993097752   2.709399994668314e-05  1.001875755906651  8.309415716717352e-05  1.8741700329379147  
6.5  0.0070921824204948575   -6.16647846823143e-05  1.0021138367861464  -0.00022737294665884438  2.2220872105041014  
7.5  0.0012808032551133827   0.00015666123355915186  1.0026316254665386  0.0006903941777281636  2.5292315497723425  
8.5  0.00031477838903795055   -0.00014056679060195257  1.0036994950468734  -0.0006961015207625454  2.7148932072812846  
9.0  0.00016730867126018146   -5.3577872685293806e-05  1.003832171008196  -0.0002790435800669764  2.777096740465524  
5.8  0.03635455993097752   2.709399994668314e-05  1.001875755906651  8.309415716717352e-05  1.8741700329379147  
6.5  0.0070921824204948575   -6.16647846823143e-05  1.0021138367861464  -0.00022737294665884438  2.2220872105041014  
7.5  0.0012808032551133827   0.00015666123355915186  1.0026316254665386  0.0006903941777281636  2.5292315497723425  
8.5  0.00031477838903795055   -0.00014056679060195257  1.0036994950468734  -0.0006961015207625454  2.7148932072812846  
9.0  0.00016730867126018146   -5.3577872685293806e-05  1.003832171008196  -0.0002790435800669764  2.777096740465524  
5.8  0.03635455993097752   2.709399994668314e-05  1.001875755906651  8.309415716717352e-05  1.8741700329379147  
6.5  0.0070921824204948575   -6.16647846823143e-05  1.0021138367861464  -0.00022737294665884438  2.2220872105041014  
7.5  0.0012808032551133827   0.00015666123355915186  1.0026316254665386  0.0006903941777281636  2.5292315497723425  
8.5  0.00031477838903795055   -0.00014056679060195257  1.0036994950468734  -0.0006961015207625454  2.7148932072812846  
9.0  0.00016730867126018146   -5.3577872685293806e-05  1.003832171008196  -0.0002790435800669764  2.777096740465524  
