5.8  0.03501287895664773   -1.139555117254236e-06  0.9999920493719301  -1.9361237247076995e-05  1.8690241692893297  -0.0016199965191999867  4.915595734008946  
6.5  0.0065586402623362215   -3.5873218567670362e-06  0.9999859377733541  -7.403219885082578e-05  2.213736467825569  -0.0062004118446216065  7.1460518477059045  
7.5  0.0011043225690438685   1.3427282605797322e-07  0.9999419555320617  2.7553314316957676e-06  2.5121383434970723  5.566250658911017e-05  9.282328992278462  
8.5  0.0002430918989329196   9.929928422055564e-07  0.9999960165932945  4.033570705229778e-06  2.6899963321586347  -3.2611046944198625e-07  11.091292733478083  
9.0  0.00012867704291195258   -4.643686885541375e-06  1.0001140190671889  -5.081424111782376e-05  2.7519697306519566  -0.0008745044086631233  11.77720792872881  
5.8  0.03501287895664773   -1.139555117254236e-06  0.9999920493719301  -1.9361237247076995e-05  1.8690241692893297  -0.0016199965191999867  4.915595734008946  
5.8  0.03501287895664773   -1.139555117254236e-06  0.9999920493719301  -1.9361237247076995e-05  1.8690241692893297  -0.0016199965191999867  4.915595734008946  
5.8  0.03501287895664783   -1.139555117254236e-06  0.9999920493719301  -1.9361237247076995e-05  1.8690241692893297  -0.0016199965191999867  4.915595734008946  
6.5  0.006558640264116362   -3.587531926108088e-06  0.9999859369478213  -7.40355306564192e-05  2.2137364140340203  -0.006200672046374455  7.1460466230131505  
7.5  0.0011043225490283146   1.352469219957814e-07  0.9999419571097367  2.760545061162256e-06  2.512138353804634  5.569317626670152e-05  9.282329061995977  
8.5  0.0002430919130543888   9.919373301766808e-07  0.9999960145062334  4.026438958971612e-06  2.689996316633788  -3.8724505989338015e-07  11.09129260603586  
9.0  0.00012867704931651515   -4.643909260452016e-06  1.0001140183047958  -5.081528219660831e-05  2.751969725004801  -0.0008745086041505083  11.777207879453782  
5.8  0.0350440520215942   -0.00012232114300849214  1.0024960584681328  -0.00041290999424930895  1.8709982888242767  -0.00039856334534604966  4.499744423217393  
6.5  -8.7361181985922e-42   9.996009639780771  99.92022475299608  998.8038502703846  9984.057718147124  99800.80117789276  997610.5697796339  
7.5  0.010022318392961447   0.06606106161891649  1.8799528354566792  6.589351517984794  91.00805312744738  657.6304669737187  8842.921514596974  
8.5  0.0004636352123077212   0.0002840434889795294  1.0240719758602874  0.02518347939011067  4.919207707747749  2.491788992456572  232.35830622945795  
9.0  0.00012718626906221231   3.1075450126779325e-05  1.0021847634770138  0.00016516552397543847  2.763104613210789  0.0005809330482738356  11.849921918214852  
5.8  0.03501291192118859   -2.903874264435368e-06  0.9999809426762061  -5.830860903117685e-05  1.8680483995250206  -0.005083474346030151  4.818679888101881  
6.5  0.006558625601446961   -7.04376754184212e-07  0.9999973111778082  -1.1443737460076906e-05  2.214520742280292  -0.0009072520873332593  7.222581409518807  
7.5  0.0011025791495137946   1.8706035278908365e-07  0.9999432708925685  2.9524507618627027e-06  2.512141835997494  6.484758432821546e-05  9.282725330554209  
8.5  0.00024971876547566496   -2.1857274322636226e-05  0.999929982876403  -0.00013318611988094494  2.6893492315301217  -0.0009299897628194047  11.082350026896735  
9.0  0.00015630735750724257   -0.00015715309279941726  0.9997470069151005  -0.0010365241322179033  2.747956252572873  -0.008214321365082013  11.72007582323403  
5.8  0.03501291192118859   -2.903874264435368e-06  0.9999809426762061  -5.830860903117685e-05  1.8680483995250206  -0.005083474346030151  4.818679888101881  
6.5  0.006558625601446961   -7.04376754184212e-07  0.9999973111778082  -1.1443737460076906e-05  2.214520742280292  -0.0009072520873332593  7.222581409518807  
7.5  0.0011025791495137946   1.8706035278908365e-07  0.9999432708925685  2.9524507618627027e-06  2.512141835997494  6.484758432821546e-05  9.282725330554209  
8.5  0.00024971876547566496   -2.1857274322636226e-05  0.999929982876403  -0.00013318611988094494  2.6893492315301217  -0.0009299897628194047  11.082350026896735  
9.0  0.00015630735750724257   -0.00015715309279941726  0.9997470069151005  -0.0010365241322179033  2.747956252572873  -0.008214321365082013  11.72007582323403  
5.8  0.03501291192118859   -2.903874264435368e-06  0.9999809426762061  -5.830860903117685e-05  1.8680483995250206  -0.005083474346030151  4.818679888101881  
6.5  0.006558625601446961   -7.04376754184212e-07  0.9999973111778082  -1.1443737460076906e-05  2.214520742280292  -0.0009072520873332593  7.222581409518807  
7.5  0.0011025791495137946   1.8706035278908365e-07  0.9999432708925685  2.9524507618627027e-06  2.512141835997494  6.484758432821546e-05  9.282725330554209  
8.5  0.00024971876547566496   -2.1857274322636226e-05  0.999929982876403  -0.00013318611988094494  2.6893492315301217  -0.0009299897628194047  11.082350026896735  
9.0  0.00015630735750724257   -0.00015715309279941726  0.9997470069151005  -0.0010365241322179033  2.747956252572873  -0.008214321365082013  11.72007582323403  
5.8  0.03501291192118859   -2.903874264435368e-06  0.9999809426762061  -5.830860903117685e-05  1.8680483995250206  -0.005083474346030151  4.818679888101881  
6.5  0.006558625601446961   -7.04376754184212e-07  0.9999973111778082  -1.1443737460076906e-05  2.214520742280292  -0.0009072520873332593  7.222581409518807  
7.5  0.0011025791495137946   1.8706035278908365e-07  0.9999432708925685  2.9524507618627027e-06  2.512141835997494  6.484758432821546e-05  9.282725330554209  
8.5  0.00024971876547566496   -2.1857274322636226e-05  0.999929982876403  -0.00013318611988094494  2.6893492315301217  -0.0009299897628194047  11.082350026896735  
9.0  0.00015630735750724257   -0.00015715309279941726  0.9997470069151005  -0.0010365241322179033  2.747956252572873  -0.008214321365082013  11.72007582323403  
