#q1           q2            q3            q4            q5            q6            lamb1         lamb2         lamb3         lamb4         lamb5         lamb6         
1.1152205057742985e-13  9.9999999999977829e-01  -2.7001671273785705e-01  1.8540766602616219e+00  -1.1079377313556056e+00  5.2568761114994054e+00  -5.8331192490526163e-01  -7.9755931300518457e-01  3.4027362753337043e-01  4.0043988576677025e-01  -3.3434561478103892e-03  -3.9179757084845755e-03  
4.3401386629168683e-05  1.0001131907208514e+00  -2.4976835076260628e-01  1.6202264906562318e+00  -9.8068376179340211e-01  3.3706499812202582e+00  3.7811221491519595e-02  -1.6834175980100876e+00  -8.1247177186053876e-01  5.2426353220983013e-01  4.5378061765436634e-01  1.2785858436007497e-01  
2.3049978587738272e-14  1.0000000000000531e+00  -2.0484905119876676e-01  1.9560918713605622e+00  -6.2410043773070978e-01  6.2463295364241782e+00  -6.0671942603753548e-01  -3.7820434017354754e-01  4.7882527484490695e-01  2.1697876776536718e-01  -6.5130561660905389e-02  3.9945516123858354e-03  
1.1579929218934176e-14  1.0000000000000064e+00  -2.3027626616400734e-01  1.9326678696191095e+00  -1.2051060014532435e+00  4.1992425813912462e+00  8.4123253522400727e+00  1.6702853527505564e+01  -1.8105306252372205e+01  -1.9209953524634148e+01  7.3024279381344019e+00  5.8579399182311542e+00  
-4.2032286346656742e-15  1.0000000000000104e+00  -3.3108867193667413e-01  2.1626623014626323e+00  -1.0331468266190016e+00  5.7114833765183111e+00  -1.6476063181501801e+00  1.7722775351856450e+00  1.4868561829774891e+00  -1.1784607101164681e+00  -2.7561125150113452e-01  2.2478119651009582e-01  
-2.8771177126606751e-14  1.0000000000000240e+00  -3.5475291427849853e-01  1.8763643839908843e+00  -1.7093843740392400e+00  5.3732879054283975e+00  -3.0330290392771631e-01  -1.3681380788385167e+00  -2.4784236611773880e-01  6.3303757430000718e-01  2.3088123905638705e-01  2.1544693052227830e-02  
1.6399047985638291e-14  1.0000000000000198e+00  -3.0507025511286162e-01  1.9297239116821834e+00  -1.2287434752186779e+00  4.1926113005747743e+00  1.0920145359859261e+00  7.8211916076697161e+00  -4.1246847192372194e+00  -8.0755824573858614e+00  1.8219207709637089e+00  2.1907828458436422e+00  
-8.3541549619755628e-14  1.0000000000001250e+00  -1.9981753981797151e-01  1.5831205501873826e+00  -1.3101330952535808e+00  3.7705765915076901e+00  2.6907065377687829e+01  -1.8787863743479296e+01  -5.2618589754192037e+01  -1.9778064279907770e+00  2.4144632099569979e+01  7.8556158740965563e+00  
1.0269714293548774e-14  1.0000000000000049e+00  -3.8990161978541754e-01  2.2900416634390730e+00  -9.8793379079810095e-01  5.7009762936157991e+00  -7.9278947455007867e+00  1.3546955560725157e+01  7.1806197447382818e+00  -1.1007879053341508e+01  -1.5456136832970986e+00  2.2073552991987735e+00  
-1.3161962848507568e-16  1.0000000000000060e+00  -2.4521113953653093e-01  2.0640013736648468e+00  -7.5900784721929537e-01  4.5616025104449873e+00  -2.3820461838977209e+00  1.0806212554176858e+01  1.5037490930746564e+00  -9.7187509592750665e+00  -1.6066144981238600e-01  2.1966742190303119e+00  
2.1483927044997301e-13  9.9999999999974798e-01  -3.6353107578619404e-01  1.5752016656124279e+00  -6.6884120503866640e-01  5.0731506135979698e+00  -2.3500421344829219e+00  -2.1730654308769548e+00  2.3389375494911628e+00  8.5420992131988105e-01  -4.1601267996598723e-01  3.6910548747543452e-02  
5.5555902617378181e-14  1.0000000000000215e+00  -2.8047962818530481e-01  2.3056498180042087e+00  -1.2939296340912503e+00  5.6116174013113529e+00  7.2586962106874597e-01  2.5443086417647319e+01  -6.9511036981815808e+00  -2.1904526539361331e+01  2.9175611249945606e+00  4.9052157016913878e+00  
-2.5235913172063203e-15  1.0000000000000080e+00  -1.4674566669512937e-01  2.0954321426856213e+00  -8.3583446898550440e-01  5.6650729676021356e+00  1.5413931122153665e-01  5.8592942482030674e-01  -3.9832594138463612e-01  -3.9537524129734875e-01  1.2641005140987380e-01  1.0282305570686398e-01  
2.3731389160770846e-15  9.9999999999998324e-01  -2.8484080448575627e-01  2.0900555831451086e+00  -1.6461362799712482e+00  5.5488966150278953e+00  2.2131154699348290e+00  2.5926560624423383e+00  -4.3737505753519699e+00  -2.7786613120969799e+00  1.5337758312454104e+00  8.3894956893504413e-01  
-2.5230452313825512e-15  1.0000000000000366e+00  -2.4856208812522407e-01  1.9033950310307721e+00  -1.7799654100015470e+00  5.6457920314595960e+00  2.9142195713271626e+00  -1.7926532588023765e+00  -5.3604744292973923e+00  -6.9997654584407806e-02  2.0042959719772888e+00  5.5967626032514728e-01  
-1.1276495581150413e-15  1.0000000000000013e+00  -1.6112047898629200e-01  1.3746225521643129e+00  -8.4735321954810794e-01  3.6714643483618485e+00  5.7301596621976469e-01  -5.0523534692077563e+00  -1.8793875467120289e+00  2.1958370742306155e+00  1.0257349942961003e+00  1.1204857406882035e-01  
-3.6353517180532813e-15  9.9999999999998557e-01  -1.9741704355180287e-01  2.1865206981890424e+00  -9.4147701132296491e-01  5.6650054025857921e+00  8.3494151286260879e-02  2.9928451786336687e+00  -6.0064188020781994e-01  -2.2020766050333256e+00  2.2586565707870970e-01  4.4075744175431097e-01  
-1.3817655865573219e-14  1.0000000000000373e+00  -3.0576371612365305e-01  1.7604373186616313e+00  -1.5970614348510959e+00  5.9813534867224138e+00  -2.6222505889491132e-01  -1.8253230317206217e+00  -3.2642050949194601e-01  8.1160591972208884e-01  2.8035059451588074e-01  2.4375297847780121e-02  
1.2653614088965886e-14  1.0000000000000127e+00  -1.3949648791071312e-01  2.2167397514861653e+00  -7.5921843926497812e-01  5.5402576770070473e+00  7.0571476313966219e-01  5.6104064194413290e+00  -1.5509428137881569e+00  -4.4262445005330449e+00  5.0798379677930838e-01  9.1168490603477592e-01  
-3.4413462413714220e-16  9.9999999999999822e-01  -2.1557622824366074e-01  2.1014790120527569e+00  -1.1328856295968746e+00  5.6451629609622831e+00  1.6276289397591392e-01  9.1176775377350006e-01  -5.7276249439245119e-01  -6.8032381776401207e-01  2.0029829326164522e-01  1.6708589828715448e-01  
-2.2797617175458497e-15  1.0000000000000087e+00  -2.9517675173503655e-01  1.8127721267299151e+00  -6.3528033709640230e-01  5.4086838585418509e+00  -1.4246551690545570e+00  -7.6857746367847879e-01  1.3329928009732819e+00  2.8930984039078456e-01  -2.3501754183319779e-01  2.6908549006092825e-02  
-1.6003636298422537e-14  1.0000000000000664e+00  -2.4453558106998194e-01  2.2107002806621177e+00  -1.4114497903885843e+00  5.4813868353455204e+00  4.1964379721641167e+00  1.2325308051331472e+01  -8.9941512577317368e+00  -1.1422108895484275e+01  3.2299617034233656e+00  2.8444533565934722e+00  
