-1.015461608767509460e-01
-4.899269901216030121e-03
-3.031501770019531250e-01
-1.362783461809158325e-02
1.835264265537261963e-01
-3.792267441749572754e-01
1.920682638883590698e-01
2.026340663433074951e-01
-3.463632762432098389e-01
4.656225740909576416e-01
-7.313497364521026611e-03
-5.754515528678894043e-01
-7.653206586837768555e-02
-9.264215826988220215e-02
1.725343018770217896e-01
-1.831174194812774658e-01
-8.346328139305114746e-01
1.094944402575492859e-01
-1.470508426427841187e-01
-5.250892639160156250e-01
