-7.112765312194824219e-01
4.280408099293708801e-02
4.565751850605010986e-01
2.445556074380874634e-01
-5.377928018569946289e-01
-1.079974174499511719e+00
2.625709772109985352e-01
8.477640151977539062e-01
3.040067553520202637e-01
-7.539103031158447266e-01
-7.724291086196899414e-01
3.406310686841607094e-03
-6.894695162773132324e-01
3.129788935184478760e-01
-3.550963401794433594e-01
1.061455011367797852e+00
1.241374611854553223e-01
-8.188509941101074219e-01
-3.610918521881103516e-01
-4.390321373939514160e-01
-8.384469151496887207e-01
-6.987522244453430176e-01
-3.978389501571655273e-02
2.933947741985321045e-01
-3.062216043472290039e-01
-2.758503854274749756e-01
-2.324288934469223022e-01
-7.982438802719116211e-01
4.584577977657318115e-01
-4.996884167194366455e-01
4.014408588409423828e-01
2.159735411405563354e-01
-6.245910525321960449e-01
-6.557984352111816406e-01
4.665264785289764404e-01
3.320641815662384033e-01
-3.503618240356445312e-01
7.418230772018432617e-01
6.030926108360290527e-02
-2.912632562220096588e-02
