-6.490850448608398438e-01
-1.018506884574890137e-01
-6.785554289817810059e-01
5.685704350471496582e-01
6.604571640491485596e-02
-1.305487006902694702e-01
8.194744586944580078e-02
-1.202959045767784119e-01
-1.441493034362792969e-01
3.445464372634887695e-01
8.877713233232498169e-02
-3.043843209743499756e-01
2.254406064748764038e-01
1.934935450553894043e-01
4.133264422416687012e-01
1.524571478366851807e-01
-5.090771913528442383e-01
-1.526560634374618530e-01
-3.050510585308074951e-01
1.162221096456050873e-02
