-5.724387243390083313e-02
-1.791592985391616821e-01
-3.155680298805236816e-01
-3.367896005511283875e-02
-2.890324294567108154e-01
-5.016894266009330750e-02
9.790545701980590820e-02
-3.000127375125885010e-01
-1.977456510066986084e-01
-1.235639303922653198e-01
-1.486932337284088135e-01
9.652188420295715332e-02
-6.291871517896652222e-02
-4.938174039125442505e-02
-6.021170616149902344e-01
1.771386563777923584e-01
3.355233743786811829e-02
-1.205972880125045776e-01
1.864278912544250488e-01
-1.276545077562332153e-01
-5.096579194068908691e-01
1.355391889810562134e-01
6.021058559417724609e-01
1.748294085264205933e-01
-3.684187233448028564e-01
-9.605802595615386963e-02
1.101441606879234314e-01
1.432009041309356689e-01
-1.949875801801681519e-01
-1.410017460584640503e-01
-2.076779305934906006e-01
6.136487051844596863e-02
-4.189735949039459229e-01
5.750953778624534607e-02
-2.899585068225860596e-01
-9.378027170896530151e-02
-8.031535148620605469e-02
-1.166761443018913269e-01
-7.126148939132690430e-01
4.457258805632591248e-02
