-1.309594064950942993e-01
-1.602254062891006470e-01
-6.011672019958496094e-01
-4.411484003067016602e-01
3.631864786148071289e-01
-2.858027517795562744e-01
-1.100510451942682266e-02
6.430914402008056641e-01
6.960056722164154053e-02
1.425169557332992554e-01
-6.309270113706588745e-02
1.231331080198287964e-01
-9.989726543426513672e-02
7.461038231849670410e-02
7.809791713953018188e-02
2.392693459987640381e-01
-9.158530831336975098e-01
-2.384172528982162476e-01
-5.268303751945495605e-01
-6.008998751640319824e-01
