1.067647561430931091e-01
4.173112213611602783e-01
9.780326485633850098e-01
-4.977146387100219727e-01
2.947091162204742432e-01
-5.237656831741333008e-01
-4.173706769943237305e-01
9.855647087097167969e-01
-8.257087469100952148e-01
-4.322442114353179932e-01
9.486225247383117676e-01
-7.905235886573791504e-01
-5.571383982896804810e-02
1.832224428653717041e-01
-1.032678246498107910e+00
-6.258455514907836914e-01
3.871753811836242676e-02
-2.035042196512222290e-01
-1.587666869163513184e-01
1.939350962638854980e-01
7.850537896156311035e-01
-5.891918390989303589e-02
1.318470984697341919e-01
-1.486126631498336792e-01
3.067433536052703857e-01
-6.663634777069091797e-01
2.111886292695999146e-01
-1.623684614896774292e-01
-6.715497970581054688e-01
-8.453650474548339844e-01
-4.778035283088684082e-01
-7.786334156990051270e-01
1.046582937240600586e+00
-4.665849208831787109e-01
9.697215259075164795e-02
6.556468605995178223e-01
-6.510617733001708984e-01
1.982279717922210693e-01
9.096395969390869141e-01
7.747369408607482910e-01
