3.532622098922729492e+00,2.252490758895874023e+00,1.674869656562805176e-01,2.119054831564426422e-02,-1.648840159177780151e-01,1.565243601799011230e-01
3.363480329513549805e+00,5.553509593009948730e-01,1.766647547483444214e-01,-3.672884032130241394e-02,-2.171830981969833374e-01,-1.434256434440612793e-01
3.090061187744140625e+00,3.076719760894775391e+00,-1.164704635739326477e-01,6.133425608277320862e-02,-2.017245255410671234e-02,-3.957062144763767719e-04
3.374508142471313477e+00,2.759903967380523682e-01,1.009214878082275391e+00,1.197789162397384644e-01,-1.301746517419815063e-01,-1.077952682971954346e-01
-2.970920562744140625e+00,1.651265859603881836e+00,-2.128344401717185974e-02,-8.255606144666671753e-02,3.246448636054992676e-01,9.467606246471405029e-02
3.513317108154296875e+00,-2.571104168891906738e-01,-5.537761375308036804e-02,4.623638466000556946e-02,1.265037897974252701e-02,2.875105419661849737e-04
-3.128350973129272461e+00,-8.075289726257324219e-01,6.710230559110641479e-02,-5.313197150826454163e-02,7.342139631509780884e-02,5.027283355593681335e-02
3.056504249572753906e+00,3.413633823394775391e+00,1.040714755654335022e-01,-5.331174656748771667e-02,-3.246294800192117691e-03,-2.374663890805095434e-04
-3.409169673919677734e+00,-3.745285272598266602e+00,-2.595861554145812988e-01,-1.628204286098480225e-01,2.002518028020858765e-01,7.203207816928625107e-03
3.548371076583862305e+00,-2.677614092826843262e-01,6.843187808990478516e-01,1.245585530996322632e-01,2.325057685375213623e-01,-2.220011204481124878e-01
-4.144615493714809418e-03,4.571953773498535156e+00,8.158219456672668457e-01,2.677055001258850098e-01,2.786544263362884521e-01,8.058705925941467285e-02
3.183947324752807617e+00,-2.788024425506591797e+00,1.209860760718584061e-02,4.090110212564468384e-02,-1.163201183080673218e-01,-8.215268701314926147e-02
3.083059310913085938e+00,-1.715150117874145508e+00,1.255426108837127686e-01,-2.755403518676757812e-01,2.045097500085830688e-01,-1.738676875829696655e-01
-3.405713319778442383e+00,5.732873678207397461e-01,2.502291500568389893e-01,3.581727668642997742e-02,2.501269802451133728e-02,-2.169596264138817787e-03
-5.948534011840820312e-01,-4.860204696655273438e+00,-8.328980803489685059e-01,-3.527306318283081055e-01,3.336656391620635986e-01,2.452223151922225952e-01
-2.962379693984985352e+00,-1.783429741859436035e+00,-3.173054158687591553e-01,5.266017466783523560e-02,-4.622005671262741089e-02,-7.538454234600067139e-02
3.505622863769531250e+00,1.297297954559326172e+00,-9.453782439231872559e-01,-1.468178927898406982e-01,1.406657099723815918e-01,-1.798620633780956268e-02
-3.386031150817871094e+00,-2.435817956924438477e+00,-5.176445245742797852e-01,-1.609436571598052979e-01,-1.839865148067474365e-01,-4.190476983785629272e-02
3.016888856887817383e+00,1.247448325157165527e+00,1.407287955284118652e+00,7.753179967403411865e-02,1.040623057633638382e-02,-5.797832831740379333e-02
-3.529985189437866211e+00,-1.672274947166442871e+00,-4.340121746063232422e-01,-9.167242050170898438e-02,9.066495299339294434e-02,4.050906281918287277e-03
-2.921822547912597656e+00,2.404685020446777344e+00,-1.436333656311035156e-01,9.299100190401077271e-02,-2.069720774888992310e-01,-1.335207819938659668e-01
-3.319338560104370117e+00,5.206609964370727539e-01,2.899874746799468994e-01,1.060709059238433838e-01,-2.916614711284637451e-01,-3.207167685031890869e-01
3.336525201797485352e+00,-4.084059000015258789e-01,1.193527597934007645e-03,1.329393386840820312e-01,2.458124160766601562e-01,9.983374923467636108e-02
3.658869743347167969e+00,-5.166535973548889160e-01,-1.239825133234262466e-02,5.124355200678110123e-03,-3.106557531282305717e-03,2.142002107575535774e-03
-3.326807975769042969e+00,1.767851710319519043e+00,4.769107699394226074e-01,-2.863796241581439972e-02,2.342822216451168060e-02,-4.122420027852058411e-02
-1.266713857650756836e+00,-4.396697998046875000e+00,-5.020418763160705566e-01,1.762069016695022583e-01,7.793227676302194595e-03,3.585896920412778854e-03
3.439212322235107422e+00,1.949703097343444824e+00,7.865063548088073730e-01,1.633880287408828735e-02,-1.182503476738929749e-01,-1.408703625202178955e-01
-3.365954399108886719e+00,8.861291408538818359e-01,-3.059749007225036621e-01,1.002178564667701721e-01,2.322939187288284302e-01,1.841850876808166504e-01
-3.122611284255981445e+00,-3.268156290054321289e+00,-9.921962767839431763e-02,1.982762217521667480e-01,-1.946348249912261963e-01,2.017856575548648834e-02
2.341570705175399780e-01,-5.072338581085205078e+00,-4.577770233154296875e-01,7.996648550033569336e-02,-1.999006122350692749e-01,-4.160575568675994873e-03
3.170005559921264648e+00,3.852783739566802979e-01,1.810271024703979492e+00,1.723231226205825806e-01,2.196322679519653320e-01,1.352834515273571014e-02
3.359194993972778320e+00,-1.801832914352416992e+00,2.061085999011993408e-01,-3.539332374930381775e-02,1.347318198531866074e-02,4.115221090614795685e-03
3.044776618480682373e-01,4.706812858581542969e+00,8.799055218696594238e-01,1.315988004207611084e-01,1.218821182847023010e-01,1.583774238824844360e-01
3.099457740783691406e+00,-2.091580629348754883e+00,1.231589391827583313e-01,1.284708231687545776e-01,1.188397631049156189e-01,-4.344563931226730347e-02
-2.881366252899169922e+00,1.070562839508056641e+00,-3.590018153190612793e-01,-9.991504997014999390e-02,2.018103599548339844e-01,-2.650071978569030762e-01
3.027353763580322266e+00,9.808443188667297363e-01,7.343885898590087891e-01,-8.399902284145355225e-02,-2.623641677200794220e-02,-2.268322110176086426e-01
3.323790311813354492e+00,-3.867559432983398438e-01,6.261553168296813965e-01,-1.093626320362091064e-01,-2.471891641616821289e-01,3.504666388034820557e-01
3.409810304641723633e+00,-9.588780254125595093e-02,-7.228588312864303589e-02,1.166745461523532867e-02,2.641913481056690216e-03,-1.071400754153728485e-02
1.582665801048278809e+00,4.545350551605224609e+00,5.734304785728454590e-01,4.096154868602752686e-01,-1.153047531843185425e-01,-9.094347804784774780e-02
-1.350182056427001953e+00,4.598624229431152344e+00,2.889885306358337402e-01,-1.153293326497077942e-01,-7.268846780061721802e-02,7.362996041774749756e-02
