#q1           q2            q3            q4            q5            q6            q7            q8            q9            q10           q11           q12           q13           q14           q15           q16           q17           q18           q19           q20           lamb1         lamb2         lamb3         lamb4         
-4.2487356097768232e-17  1.0000000000000000e+00  -2.4484290977089279e-01  1.6683927626673754e+00  -8.7117702589934543e-01  3.5031058916097071e+00  -2.7541973887933748e+00  8.5770463498556939e+00  -8.7669167821594005e+00  2.3564626276607658e+01  -2.8878591706701574e+01  7.0939213078278414e+01  -9.9119899575026849e+01  2.3022986659914363e+02  -3.5474461334775259e+02  7.9616110264080442e+02  -1.3220571147900769e+03  2.9080562195722173e+03  -5.1200187411201123e+03  1.1144160733236773e+04  -6.7859565416743961e-01  -1.3793506718725563e+00  4.2534991236815445e-01  6.1003817049070452e-01  
9.6863793883091545e-18  1.0000000000000000e+00  -7.8864122427785466e-01  2.9109049286683000e+00  -4.8532545655674886e+00  1.3452464063973828e+01  -2.9605743503215365e+01  7.8464885721205135e+01  -1.9515513609660155e+02  5.2436350254502236e+02  -1.3936129615929351e+03  3.8479960633974520e+03  -1.0684018146741209e+04  3.0352222457545387e+04  -8.7111550937953914e+04  2.5411508412069516e+05  -7.4946996493072622e+05  2.2392668031287333e+06  -6.7614353119765278e+06  2.0642550979060605e+07  -9.6626776383063284e-01  1.8616825650917918e-01  4.8169320314919833e-01  1.5178379942520823e-01  
-1.0913152376060007e-16  1.0000000000000004e+00  3.0428273343747136e-01  3.2624750153590667e+00  3.4414676592712321e+00  2.0776761921876350e+01  4.6028984664127854e+01  2.3287799094880742e+02  8.4417939575470734e+02  4.4550245528651058e+03  2.2820957594650707e+04  1.4030548925960631e+05  9.1704554466475244e+05  6.6076284399916418e+06  5.0451962744636342e+07  4.0613130805975431e+08  3.3915515991272287e+09  2.9156388098868393e+10  2.5610590450364828e+11  2.2876739478005581e+12  1.4353136234467087e-01  5.1418913642389219e-01  -4.8333212491908528e-02  1.2063203620853319e-03  
5.9844924570475535e-16  1.0000000000000004e+00  1.0131711430771171e+00  2.5275293963361474e+00  4.2394675882528077e+00  8.7779748982537154e+00  1.6865785953007180e+01  3.4446138710041986e+01  6.9750049635057081e+01  1.4473807059360846e+02  3.0211468943714391e+02  6.3958946380135797e+02  1.3657439089338407e+03  2.9472028632212860e+03  6.4148974333442775e+03  1.4087074240561315e+04  3.1184577960582334e+04  6.9578789137376050e+04  1.5639641061507715e+05  3.5406498476693756e+05  3.2179638253139404e+00  -7.1789734782544468e-01  -2.3542702168631209e+00  9.4871603172544483e-01  
3.7185070026783330e-16  1.0000000000000000e+00  -7.3105343744673901e-01  2.7119607125061691e+00  -4.1750926247928604e+00  1.1351987681769307e+01  -2.3300473329194801e+01  5.9593111617123938e+01  -1.3936199586743342e+02  3.5812323345089811e+02  -8.9888526824574365e+02  2.3629267706252017e+03  -6.2088354353717277e+03  1.6754482315512680e+04  -4.5546779114922385e+04  1.2606061971964726e+05  -3.5228092882701627e+05  9.9804399542330764e+05  -2.8556927173728803e+06  8.2642888258369016e+06  -9.9059934325136367e-01  7.2830810308090341e-02  5.0685046919011212e-01  1.8122890789279078e-01  
2.9800125666078108e-17  1.0000000000000002e+00  -5.4787825081193753e-01  2.4341077988781050e+00  -2.9541717622500623e+00  8.8116860218833537e+00  -1.5254408526754876e+01  4.0240294083521036e+01  -8.3526940294128337e+01  2.1350355547847172e+02  -4.9111972326397506e+02  1.2594845472446909e+03  -3.0905410339936861e+03  8.0575071642809644e+03  -2.0681445203563690e+04  5.5057305298068779e+04  -1.4622984275731887e+05  3.9780089514974528e+05  -1.0862615130016985e+06  3.0175699894012031e+06  -7.5776214339745818e-01  -2.8351984632480325e-02  3.7855219625780367e-01  1.7243541097676607e-01  
3.8222272662157348e-16  9.9999999999999967e-01  -1.1677807413743173e+00  3.6275411217954496e+00  -7.7535043728240627e+00  2.0657708531184444e+01  -5.2097961639182600e+01  1.4008774595168316e+02  -3.7762965492318682e+02  1.0465425146496191e+03  -2.9359914606640032e+03  8.3802578346767805e+03  -2.4225319329880742e+04  7.0966472786228900e+04  -2.1030341838999864e+05  6.3023599342415645e+05  -1.9082379310229355e+06  5.8348545372831328e+06  -1.8006999082152694e+07  5.6063309437324412e+07  -1.5278510706791395e+00  4.0336154498935040e-01  8.4930545739369812e-01  2.1837688903429717e-01  
-2.8973848733364129e-16  1.0000000000000004e+00  -4.2847075060342188e-01  2.0256693144215068e+00  -1.8652517802780397e+00  5.6212061943108855e+00  -7.4911014714075046e+00  1.8978077501412503e+01  -3.1100613008816630e+01  7.3342111011534712e+01  -1.3622156774506502e+02  3.1312883069770766e+02  -6.3070187911403650e+02  1.4449632760683237e+03  -3.0780550984800661e+03  7.1053940885106977e+03  -1.5771519437456973e+04  3.6872936073306577e+04  -8.4503348515663994e+04  2.0053862434471794e+05  -8.3745777107815744e-01  -5.4580632261873574e-01  4.6914436412828042e-01  3.3256372838984866e-01  
1.0402618071894924e-16  1.0000000000000002e+00  2.2778260453690960e-01  1.5667044808032187e+00  7.5000423117593296e-01  3.0227930129739828e+00  2.1691190868009795e+00  6.7200107326269523e+00  6.2682659831356462e+00  1.6636919554460729e+01  1.8641336110173793e+01  4.4899441351667136e+01  5.7519050003340951e+01  1.3015830708462221e+02  1.8443529802381241e+02  4.0095852953837004e+02  6.1412101313907033e+02  1.3019650326413960e+03  2.1200731843654280e+03  4.4283199589573906e+03  7.4620683005331145e-01  -1.8781331481111800e+00  -4.9565425916499062e-01  8.1300759220359009e-01  
4.8509399986842345e-16  9.9999999999999978e-01  -1.6997952779921719e+00  5.3556204437235975e+00  -1.4508705281899863e+01  4.3060118718061524e+01  -1.2788049320212053e+02  3.8998259888340817e+02  -1.2052058604465678e+03  3.7823884484779992e+03  -1.2019779487372229e+04  3.8655923826723629e+04  -1.2566846923926217e+05  4.1269851927518146e+05  -1.3681540329652170e+06  4.5760772343601687e+06  -1.5434414200879460e+07  5.2473099296747722e+07  -1.7974772992470947e+08  6.2018136926956820e+08  -1.9146519321083428e+00  1.0011725365107600e+00  1.1556191535703300e+00  2.2829301103191443e-01  
-7.1379883311261971e-16  9.9999999999999978e-01  -9.1216072468093812e-01  2.6988479733735389e+00  -4.5547701578744846e+00  1.0710033227146598e+01  -2.2020490395228013e+01  5.0492531187437066e+01  -1.1265282976464263e+02  2.6265679914041158e+02  -6.1318571788831730e+02  1.4648675379874583e+03  -3.5299354057901519e+03  8.6372053591295480e+03  -2.1346943159135102e+04  5.3390257044812155e+04  -1.3483848314487477e+05  3.4398648799250508e+05  -8.8550796976354474e+05  2.2999291581582474e+06  -1.7573103251508269e+00  -1.6050419507638150e-01  1.0620046812063106e+00  3.9157126584458268e-01  
1.3021639489934239e-15  1.0000000000000004e+00  1.5043570532072275e+00  4.2469974346141601e+00  9.9598645162862987e+00  2.5829998752982949e+01  6.6374388455150267e+01  1.7539676716959826e+02  4.6833337997170929e+02  1.2695112087673922e+03  3.4805527623064659e+03  9.6522045594225638e+03  2.7041346380465751e+04  7.6496255090207764e+04  2.1835878900181438e+05  6.2865636088089319e+05  1.8245885102063434e+06  5.3364757164017279e+06  1.5722607527605904e+07  4.6648209038823470e+07  2.4870982229697041e+00  7.7593133248226753e-01  -1.6352412776384209e+00  4.0193676175299270e-01  
-3.3812304411630724e-17  1.0000000000000002e+00  -4.4031167663491755e-01  1.7612738801499666e+00  -1.5712784185029978e+00  4.0501350475458091e+00  -5.0449967734839447e+00  1.1013616977874486e+01  -1.6469063579395726e+01  3.3612598254630718e+01  -5.6033873505374849e+01  1.1169958541671407e+02  -1.9962930085476347e+02  3.9681415609036202e+02  -7.4394652322590719e+02  1.4893047587610597e+03  -2.8922082561413331e+03  5.8582112965356209e+03  -1.1693988612622426e+04  2.4012853355738014e+04  -1.3064953431984729e+00  -1.4456361684649117e+00  8.5374293536180890e-01  7.1241209890019797e-01  
-1.3868130810653713e-16  1.0000000000000000e+00  1.2793763557975682e-01  3.0434194443053260e+00  1.3036286381650781e+00  1.5833935579746818e+01  1.4156296961398292e+01  1.1949551754839064e+02  1.7901407357227998e+02  1.2107823791678125e+03  2.6529946245696169e+03  1.5725886078266463e+04  4.5783203436158561e+04  2.5328705819508294e+05  9.1240984748169186e+05  4.9266728313006647e+06  2.0831124063173752e+07  1.1320227209751326e+08  5.4084829985690534e+08  3.0170210479751387e+09  6.3373425762337579e-02  5.0255025067525716e-01  -2.1166843502322001e-02  2.4837246688288328e-04  
1.2723747971062258e-16  9.9999999999999978e-01  3.8413203409404240e-01  1.8804211938468749e+00  1.5344228423687718e+00  4.6983762110097285e+00  5.5751162015959723e+00  1.4074359518589000e+01  2.0738196091806969e+01  4.7924365286972929e+01  8.0822425611136453e+01  1.7967418996237799e+02  3.3127535886655807e+02  7.2677649154974813e+02  1.4258643766471894e+03  3.1291440711613550e+03  6.4249667832334599e+03  1.4205981229583282e+04  3.0207445261079803e+04  6.7541982711665274e+04  8.7522412281574880e-01  -8.5413315069298490e-01  -5.1670186525436135e-01  4.3922493638093213e-01  
-1.3500694617607282e-16  9.9999999999999911e-01  3.7282548147531056e-02  1.4976444519100016e+00  1.1911777155166238e-01  2.6857314311689078e+00  3.3103587927859779e-01  5.4398497258389211e+00  9.1203488480263983e-01  1.2095573691279219e+01  2.5690435482008032e+00  2.9021749267263925e+01  7.4664867839873548e+00  7.4274513547030935e+01  2.2442635064427680e+01  2.0105895177455855e+02  6.9759059463569002e+01  5.7200082777108105e+02  2.2399559023200530e+02  1.7016512051492127e+03  1.2677686591149018e-01  -2.0551617752919844e+00  -8.4743284640172445e-02  8.5464241543175090e-01  
4.3206176256810950e-16  1.0000000000000000e+00  -9.1178155390175486e-01  3.2661934633859886e+00  -6.2056004508299774e+00  1.7544428944535593e+01  -4.2747571872614635e+01  1.1879108204481345e+02  -3.2131554907329780e+02  9.1656977151137346e+02  -2.6261898087401951e+03  7.7371009421334675e+03  -2.3064679469506780e+04  7.0037573335994093e+04  -2.1537837365657420e+05  6.7184588795882021e+05  -2.1207268653720985e+06  6.7749006037713913e+06  -2.1877809609257452e+07  7.1394093913619012e+07  -1.0022363437749120e+00  3.2097741704728694e-01  4.9283801665607058e-01  1.3058986117759822e-01  
-3.7910457873398524e-16  1.0000000000000000e+00  -9.8841362756501328e-01  3.8054291204062922e+00  -8.2691537467834380e+00  2.5901478638287426e+01  -7.2765498533730849e+01  2.2893296766261923e+02  -7.1447357371667351e+02  2.3345188833882135e+03  -7.7260742897053042e+03  2.6232535944518040e+04  -9.0464031860722331e+04  3.1766839115871897e+05  -1.1317930901264339e+06  4.0913689529621778e+06  -1.4981978171540221e+07  5.5545271132642008e+07  -2.0830252711737782e+08  7.8971438197187793e+08  -8.2053802252123631e-01  4.8266803286012611e-01  3.7202259468619653e-01  7.4748504395219503e-02  
-1.8511606090250242e-16  9.9999999999999445e-01  2.7303057507500963e+00  2.2523193133157505e+01  1.7997956589622859e+02  1.5546401500338452e+03  1.3641730701683569e+04  1.2136671296556215e+05  1.0896404497617844e+06  9.8568822300386876e+06  8.9733299349672884e+07  8.2144551622611928e+08  7.5569030965992794e+09  6.9828257279127975e+10  6.4782737897971033e+11  6.0321728715694932e+12  5.6356142816694461e+13  5.2813523750502894e+14  4.9634375383524270e+15  4.6769430238268896e+16  3.7452014770943198e-01  7.6514918893796846e-01  -1.5450802086060289e-01  8.0951623728240628e-03  
8.0735719428777610e-17  9.9999999999999989e-01  -4.2479322684258941e-01  2.3722687965011051e+00  -2.3426021519428022e+00  8.2495827411400775e+00  -1.2304861025952023e+01  3.6344265730330626e+01  -6.8319564412439050e+01  1.8821956574244754e+02  -4.0689728197410051e+02  1.0968646624237497e+03  -2.5949986242042460e+03  7.0017992659780957e+03  -1.7625931395779149e+04  4.8114733337298028e+04  -1.2675978543921470e+05  3.5174565647818253e+05  -9.5999419336074940e+05  2.7127348899785858e+06  -5.4112809072225676e-01  1.7504904021387418e-02  2.5756722114482805e-01  1.3628605523766932e-01  
8.1294754308635257e-17  9.9999999999999978e-01  -6.7662477342666127e-01  2.0530650589304655e+00  -2.6327743452341199e+00  5.7872460524604543e+00  -9.4821048722198995e+00  1.9276458873428798e+01  -3.5300760645222304e+01  7.1063595070273109e+01  -1.3817429974149516e+02  2.8140623375190830e+02  -5.6851952854634908e+02  1.1787336132171956e+03  -2.4493796704580459e+03  5.1756500532606433e+03  -1.1002723947514987e+04  2.3679318172274925e+04  -5.1332715929564685e+04  1.1238943427787944e+05  -1.9013654848127768e+00  -1.0671875540107887e+00  1.2588299936467502e+00  6.9282287974441070e-01  
7.9088706151235816e-17  9.9999999999999989e-01  -9.0421405020033641e-01  3.1118513013968632e+00  -5.7072671907931474e+00  1.5467739389091321e+01  -3.6019766755562280e+01  9.5563066030953593e+01  -2.4606798142120704e+02  6.6800279493943833e+02  -1.8180846152526815e+03  5.0861890248962627e+03  -1.4380877670519940e+04  4.1401831625411316e+04  -1.2061883868519214e+05  3.5631736841725610e+05  -1.0645797455480690e+06  3.2178716092596590e+06  -9.8281201922774669e+06  3.0324639409851842e+07  -1.1222550449804116e+00  2.3945717634117103e-01  5.7585511666940881e-01  1.6735813408719533e-01  
0.0000000000000000e+00  9.9999999999999867e-01  -3.5101997648026045e-01  2.0292025381275667e+00  -1.5803754147213906e+00  5.6097677333198375e+00  -6.5593431734145486e+00  1.8884287867669460e+01  -2.8119042563725355e+01  7.3137797952909679e+01  -1.2711641088910723e+02  3.1495077819403929e+02  -6.0747829635915934e+02  1.4750209288967392e+03  -3.0616052954184497e+03  7.4009800871586149e+03  -1.6213148901280383e+04  3.9365537097811699e+04  -8.9874404076946361e+04  2.2024981134028200e+05  -6.2706029242714134e-01  -4.2932866678343629e-01  3.3663357814699391e-01  2.7266285942800894e-01  
0.0000000000000000e+00  1.0000000000000002e+00  -6.5776223143698542e-01  2.8433571475028852e+00  -4.2607781079055025e+00  1.2995501484536645e+01  -2.7390622361866562e+01  7.7202898637571664e+01  -1.9118461811906980e+02  5.3824980294781517e+02  -1.4551472499432523e+03  4.1888539199630195e+03  -1.1971963324652308e+04  3.5436392729630599e+04  -1.0542740142739532e+05  3.2080487775824388e+05  -9.8527199106062099e+05  3.0761425865047663e+06  -9.7035613519756161e+06  3.1014676737372234e+07  -7.0045972260150347e-01  2.3558852838588384e-01  3.2348710618470938e-01  1.0262127522994280e-01  
1.5902188128309590e-16  1.0000000000000002e+00  2.7472048904886703e-01  1.5894679669897493e+00  9.1003791902575115e-01  3.1416511865064121e+00  2.6565259506257259e+00  7.1961124338528535e+00  7.7688008174590273e+00  1.8407600373346980e+01  2.3430441578230720e+01  5.1372482610680045e+01  7.3442728202545027e+01  1.5395195039347254e+02  2.3955037039335653e+02  4.8980248101404499e+02  8.1222243514970160e+02  1.6405575581540106e+03  2.8574914264964127e+03  5.7482010391315216e+03  9.0064677079059707e-01  -1.8561364094868953e+00  -6.0020105049484673e-01  8.1897457285563102e-01  
0.0000000000000000e+00  9.9999999999999978e-01  -4.4009094360225048e-01  2.1388524717725366e+00  -2.0616004502417460e+00  6.4073374760828976e+00  -9.0030091345305188e+00  2.3634024106006159e+01  -4.0934508664763918e+01  1.0049464682523607e+02  -1.9738086374158434e+02  4.7421186739878880e+02  -1.0100204529309839e+03  2.4261831424093671e+03  -5.4645766180311111e+03  1.3258344896860137e+04  -3.1115922137379170e+04  7.6603913588773488e+04  -1.8563842117678537e+05  4.6457058319721295e+05  -7.5212542455515541e-01  -3.3115155332111801e-01  4.0103554596442365e-01  2.5618637459721760e-01  
1.7599080471193586e-16  1.0000000000000002e+00  -5.1084760992237410e-01  2.3517577377712886e+00  -2.6647461393582965e+00  8.0935872448730226e+00  -1.3214711691658046e+01  3.4957468617450914e+01  -6.9156036369035675e+01  1.7532575346396297e+02  -3.8742148773312294e+02  9.7836660381756167e+02  -2.3183861930580701e+03  5.9254431100185957e+03  -1.4736080367090477e+04  3.8353876388640630e+04  -9.8899028639324082e+04  2.6261299766552454e+05  -6.9707629520009935e+05  1.8883742319049451e+06  -7.3807784914894037e-01  -8.9658970065698035e-02  3.7278242448334048e-01  1.8609729052019319e-01  
-6.7711375009863531e-16  1.0000000000000000e+00  -5.5397303121675179e-01  2.0340224034443652e+00  -2.2825524128962247e+00  5.6990491159383883e+00  -8.6926207686080925e+00  1.9241120458229766e+01  -3.4251050538232427e+01  7.3287982220011472e+01  -1.4230168788153216e+02  3.0424299132703050e+02  -6.2390365351270998e+02  1.3501821683717167e+03  -2.8764790283374959e+03  6.3303689588380603e+03  -1.3885302528663757e+04  3.1112700165675957e+04  -6.9888654096571554e+04  1.5940363763690263e+05  -1.2768491831231945e+00  -7.7158763095866290e-01  7.7314693111059252e-01  4.7050648292328701e-01  
1.2418965166172532e-15  1.0000000000000004e+00  7.3788865259450975e-01  1.9748298766228443e+00  2.6128108968195667e+00  5.2363417439068014e+00  8.4940691952201632e+00  1.6023927620420533e+01  2.8339298880894482e+01  5.3328653646396262e+01  9.8730348606572818e+01  1.8833644843330029e+02  3.5928901451728296e+02  6.9745447846906359e+02  1.3613823600961384e+03  2.6896560720580856e+03  5.3517703869996658e+03  1.0751012520232953e+04  2.1756167900215347e+04  4.4387828583680159e+04  2.7634528393126216e+00  -1.7030951340981431e+00  -2.0294859610061535e+00  1.1265266893638735e+00  
-2.0871623788374709e-16  9.9999999999999944e-01  -9.2933065183634744e-01  2.9355953464640532e+00  -5.2347126771747687e+00  1.3177526569929631e+01  -2.9027556291949100e+01  7.1595596108291588e+01  -1.7219472455563712e+02  4.3355916935125327e+02  -1.0949959538780076e+03  2.8331875493260673e+03  -7.4040766382739184e+03  1.9664900762294514e+04  -5.2807065304572323e+04  1.4360715568387549e+05  -3.9465077096493472e+05  1.0962121742687516e+06  -3.0744195174520127e+06  8.7042500439142250e+06  -1.4312522667043002e+00  8.6598392412154696e-02  7.9956487447392899e-01  2.6025246095289989e-01  
-3.4975823499154697e-16  1.0000000000000004e+00  -1.0637671855714799e+00  3.3502649505287239e+00  -6.7119997135767022e+00  1.7602771826448684e+01  -4.2510728259098222e+01  1.1140311577514207e+02  -2.9021831886748515e+02  7.8207425045792922e+02  -2.1286726904735019e+03  5.9087236825780474e+03  -1.6604933569234294e+04  4.7339072430641041e+04  -1.3655084356134484e+05  3.9856954204637138e+05  -1.1757760036265959e+06  3.5043339125821879e+06  -1.0544891826918447e+07  3.2022759248456828e+07  -1.4376498527297030e+00  2.9570819640966306e-01  7.8893498916237681e-01  2.1836430173822813e-01  
1.7921393913599343e-16  1.0000000000000004e+00  -4.6168146958678136e-01  1.8065075330084277e+00  -1.6886995695824925e+00  4.3021502201205557e+00  -5.5841752557159907e+00  1.2159549591776194e+01  -1.8833979239254305e+01  3.8611377700392396e+01  -6.6348730362846496e+01  1.3352144289743796e+02  -2.4510658808122301e+02  4.9354942272667228e+02  -9.4811890020657825e+02  1.9271872718219040e+03  -3.8286753674212700e+03  7.8863196505721144e+03  -1.6087785595985986e+04  3.3629004993385941e+04  -1.3102296387742216e+00  -1.3106506837078398e+00  8.4493003120677224e-01  6.6309811824487563e-01  
1.6776217780495249e-16  9.9999999999999967e-01  -4.0956379241759056e-01  1.9850688345391969e+00  -1.7464759330186959e+00  5.3500958416648929e+00  -6.8433249590443692e+00  1.7475785720344462e+01  -2.7643527445732605e+01  6.5254267627836526e+01  -1.1758008354345581e+02  2.6911004831187853e+02  -5.2793728533153569e+02  1.1996492301583692e+03  -2.4962388641893413e+03  5.6996755376836445e+03  -1.2383378497074078e+04  2.8582475518651747e+04  -6.4207578841294177e+04  1.5023377480890660e+05  -8.2740140675707352e-01  -6.1172094967922586e-01  4.6828684430337381e-01  3.5248423862397477e-01  
1.6125863166601192e-16  9.9999999999999956e-01  -6.3463508432373361e-01  2.1416577011912610e+00  -2.6911544643777283e+00  6.4234577336640237e+00  -1.0647603249717619e+01  2.3181906727268959e+01  -4.3819925144530956e+01  9.3865632816192061e+01  -1.9064841082989062e+02  4.1219462071514954e+02  -8.7614805639571148e+02  1.9279465926861278e+03  -4.2341640956295587e+03  9.5019734298546573e+03  -2.1414599657802264e+04  4.8996722804706274e+04  -1.1285329363247100e+05  2.6298347848301951e+05  -1.4395419548642205e+00  -6.7628254315853475e-01  8.7718997704562318e-01  4.6957220208794187e-01  
6.0748645153565756e-16  1.0000000000000007e+00  2.8482263651293478e-02  1.7502248530789550e+00  1.1149538756171234e-01  3.8575744627367277e+00  3.9027463685772251e-01  9.8643574583591978e+00  1.3789589579308483e+00  2.8174493841802175e+01  5.0461906901068234e+00  8.7914462969228225e+01  1.9240907698037990e+01  2.9535988507913845e+02  7.6468391161437083e+01  1.0573841277759652e+03  3.1628080129083020e+02  4.0025590014849340e+03  1.3585972799025328e+03  1.5923845483603696e+04  6.2914898689277188e-02  -8.8076727967053492e-01  -3.5968237820570716e-02  3.9489325114079921e-01  
-5.6485174443060029e-18  1.0000000000000007e+00  -6.1974824302807496e-01  2.5563394093247163e+00  -3.4605014727594625e+00  9.9231625751889929e+00  -1.8689791077945234e+01  4.8700712298472368e+01  -1.0768561253744845e+02  2.7669292947426135e+02  -6.6842174403280546e+02  1.7409212621844990e+03  -4.4470558235420876e+03  1.1842359636507572e+04  -3.1476473630930035e+04  8.5848307042722518e+04  -2.3537143108577095e+05  6.5697810362169624e+05  -1.8483518029330322e+06  5.2719314830549015e+06  -8.3088133465961933e-01  3.1451553511580826e-02  4.1504997965106838e-01  1.6711164934872566e-01  
-1.2227590103824642e-16  1.0000000000000002e+00  -7.0995750525651147e-01  2.6824292166943184e+00  -4.0407437311396546e+00  1.1081414928479402e+01  -2.2434705383087859e+01  5.7534399743158247e+01  -1.3340897658010212e+02  3.4275210063531154e+02  -8.5553191034164843e+02  2.2456146116585737e+03  -5.8772438416976474e+03  1.5828715306974162e+04  -4.2898520994470047e+04  1.1848815912381955e+05  -3.3028734974662442e+05  9.3388372351222869e+05  -2.6663651770308018e+06  7.7021237640850479e+06  -9.5831118234796175e-01  6.5798349563588307e-02  4.8768922656602420e-01  1.7774179919674923e-01  
-5.2860444382407827e-17  1.0000000000000002e+00  -6.7160367195339896e-02  1.7909658793330034e+00  -2.7066166786829476e-01  4.0756570995755261e+00  -9.7948133516336922e-01  1.0819091949491552e+01  -3.5883352880867156e+00  3.2202636444600998e+01  -1.3644860337804024e+01  1.0502900066924229e+02  -5.4156250618948143e+01  3.6972206165505230e+02  -2.2436003503727937e+02  1.3897153939895318e+03  -9.6851464708931758e+02  5.5331167456485819e+03  -4.3466359435682198e+03  2.3189514871271273e+04  -1.4039324259694949e-01  -7.6612506949173909e-01  7.8648547050519282e-02  3.5568744836031246e-01  
1.3909518337680393e-17  1.0000000000000002e+00  -8.8910626791197822e-01  2.5053156759896202e+00  -4.0249611548214750e+00  8.9671783655355330e+00  -1.7406444993512292e+01  3.7639652985355475e+01  -7.8981208265511768e+01  1.7308141850889976e+02  -3.7912252870856770e+02  8.4926099779303513e+02  -1.9167699037479572e+03  4.3901569492833814e+03  -1.0148430910209978e+04  2.3727410103304137e+04  -5.5984289599786898e+04  1.3336908940343605e+05  -3.2044989141749596e+05  7.7653359093051229e+05  -2.0753128712959179e+00  -4.4523537976896771e-01  1.3373999532434719e+00  5.4461627882322217e-01  
7.4530365076628847e-16  9.9999999999999967e-01  -7.9896301073675147e-01  2.1862818716034433e+00  -3.1438702308027824e+00  6.5921645547343335e+00  -1.1557348920225364e+01  2.3118130433129757e+01  -4.4038816877938217e+01  8.8501995666254828e+01  -1.7629063062946230e+02  3.6054145765405553e+02  -7.4008243623819806e+02  1.5437955881510768e+03  -3.2441236659319798e+03  6.8975323866326626e+03  -1.4785023631512324e+04  3.1996910575670583e+04  -6.9799290064429544e+04  1.5353729843893947e+05  -2.4050975994108170e+00  -1.0435077877826773e+00  1.6634220628449392e+00  8.0891372766435155e-01  
5.0881544845414419e-15  9.9999999999999989e-01  1.3420141242791794e+00  3.6160206571296771e+00  7.6997698528372949e+00  1.8569839139313874e+01  4.3817919173796241e+01  1.0696902059615043e+02  2.6310758743436952e+02  6.5797725558995739e+02  1.6633195273599683e+03  4.2550549751774615e+03  1.0996290721408885e+04  2.8700448973549945e+04  7.5594509617244214e+04  2.0084834577344597e+05  5.3802943882627634e+05  1.4525709061552591e+06  3.9509370862921625e+06  1.0823167364707543e+07  2.6744773107932316e+00  4.4590237779971748e-01  -1.8027664568699213e+00  5.0927594768887430e-01  
1.1103402036312842e-16  9.9999999999999989e-01  -3.3542928359211521e-01  1.9309999859047060e+00  -1.4156551326355731e+00  4.9789760242930443e+00  -5.4563901328507489e+00  1.5461907003881629e+01  -2.1581477821152575e+01  5.4883639429710705e+01  -8.9587926760888834e+01  2.1573374801795242e+02  -3.9171021680178706e+02  9.1977258108675778e+02  -1.8010667158488584e+03  4.1932509754053535e+03  -8.6816689636501069e+03  2.0236219192927034e+04  -4.3724192677066560e+04  1.0260669922044840e+05  -6.7437658281606905e-01  -6.3327492104367533e-01  3.7805937127720657e-01  3.4269632490903285e-01  
-1.6088627098724507e-16  1.0000000000000002e+00  -7.7325049409398516e-01  2.9136838069280366e+00  -4.8182155479052629e+00  1.3538077035659164e+01  -2.9795971984760609e+01  7.9792530040418541e+01  -1.9937830805204845e+02  5.4072267260120282e+02  -1.4472296188192356e+03  4.0329191898756139e+03  -1.1291463311571328e+04  3.2381142039307691e+04  -9.3791171518289586e+04  2.7627595852069819e+05  -8.2279728234797518e+05  2.4832154231913746e+06  -7.5744965644592205e+06  2.3365823833102737e+07  -9.2135537838900383e-01  1.9988617282583285e-01  4.5322117519737032e-01  1.4170962403220677e-01  
1.8678364356989274e-16  9.9999999999999978e-01  -3.9064454905717089e-01  1.5398540759433068e+00  -1.1928314772896345e+00  2.9572355095550673e+00  -3.1947906954373844e+00  6.5675667398682149e+00  -8.5563589529358701e+00  1.6170009830507432e+01  -2.3606021094469497e+01  4.3023137491039449e+01  -6.7607279463194459e+01  1.2172513630330178e+02  -2.0120597296507194e+02  3.6236489249622934e+02  -6.2145268074940623e+02  1.1267764908023642e+03  -1.9879718640633346e+03  3.6406468299779381e+03  -1.6520504234014572e+00  -2.6769716656860996e+00  1.2076762420863536e+00  1.2613629881785116e+00  
-1.0731791729756746e-16  1.0000000000000004e+00  -8.4846342653310569e-01  3.4043578896564934e+00  -6.5210591008271201e+00  2.0140959688618668e+01  -5.1748890487343694e+01  1.5638313613860018e+02  -4.5553873997570270e+02  1.4164754603686013e+03  -4.4169403193681192e+03  1.4238906831879962e+04  -4.6478504566033247e+04  1.5498878645266459e+05  -5.2403265114925482e+05  1.8005941879443622e+06  -6.2681340287938956e+06  2.2112972480524689e+07  -7.8940058790934786e+07  2.8507855929310399e+08  -7.5224531599077937e-01  4.0437475974784037e-01  3.3814044536310284e-01  7.7250241996229208e-02  
-9.2893755690507287e-17  1.0000000000000007e+00  -2.4590972309951406e-01  1.7358661111056128e+00  -9.2198753997468275e-01  3.8419434171073887e+00  -3.0930948439292298e+00  9.9857859432012184e+00  -1.0495994530345143e+01  2.9258766255591642e+01  -3.6980199012554436e+01  9.4248608377105583e+01  -1.3610325304067248e+02  3.2812805643978163e+02  -5.2337319186965567e+02  1.2196872302463548e+03  -2.0991832731595728e+03  4.7965479861277745e+03  -8.7614800021510782e+03  1.9817416903846715e+04  -6.1067025999475444e-01  -1.1031601436853935e+00  3.6777549451726294e-01  5.0085069568158991e-01  
-4.1356707797130669e-17  1.0000000000000000e+00  -7.1191152105219502e-01  3.0666572028753296e+00  -5.0526978015371409e+00  1.5748682710203949e+01  -3.6277520575985960e+01  1.0666990241772068e+02  -2.8630329688952617e+02  8.5175543400609843e+02  -2.4824830323401675e+03  7.6062666748383790e+03  -2.3373834258900013e+04  7.3929912224433370e+04  -2.3622424369746604e+05  7.6976036255058425e+05  -2.5381432839087136e+06  8.4965372473747618e+06  -2.8774358315160930e+07  9.8681316469356701e+07  -6.7241762457071763e-01  3.2749071587782486e-01  3.0050026258094281e-01  8.0446500863453119e-02  
2.7727812249871301e-16  1.0000000000000002e+00  -6.5123815105531302e-01  2.6914509621120226e+00  -3.8710473167286805e+00  1.1275188154278098e+01  -2.2512545089206107e+01  6.0299845244985740e+01  -1.4072406222010565e+02  3.7469451205067992e+02  -9.5229514895542343e+02  2.5830223990481354e+03  -6.9293377575520153e+03  1.9274134171215293e+04  -5.3756910900157047e+04  1.5341622850479878e+05  -4.4124386006421666e+05  1.2901639001801321e+06  -3.8076397539371625e+06  1.1384613018797938e+07  -7.9565074413587245e-01  1.2815772616708215e-01  3.8602810699202345e-01  1.3913250331421939e-01  
6.0260345249886743e-16  9.9999999999999911e-01  -4.1962502090382281e-01  2.3355125123920835e+00  -2.2639942726672220e+00  7.9334923474669381e+00  -1.1593650074077457e+01  3.3990966943736893e+01  -6.2598012827579232e+01  1.7076429214583175e+02  -3.6187585536585522e+02  9.6392484832594005e+02  -2.2369489906101517e+03  5.9544242500974660e+03  -1.4710997613324469e+04  3.9568558196958358e+04  -1.0234658649816389e+05  2.7958368890873494e+05  -7.4932337659757747e+05  2.0831062442794233e+06  -5.5394790589508114e-01  -2.0040997129820163e-02  2.6707646831002241e-01  1.4732289944387220e-01  
3.3573346833301691e-17  9.9999999999999978e-01  3.0375593782601801e-01  3.2593434073798107e+00  3.4245606678106180e+00  2.0676678700928282e+01  4.5436191531760407e+01  2.2897592978353174e+02  8.1716349890881804e+02  4.2541494151658544e+03  2.1254599786011968e+04  1.2754870048525737e+05  8.0978723303940601e+05  5.6822674356093211e+06  4.2309510441594996e+07  3.3335150979554033e+08  2.7328846222194548e+09  2.3135009242109539e+10  2.0060403108787430e+11  1.7725653999869236e+12  1.4356476202793333e-01  5.1389122755146321e-01  -4.8360887337622595e-02  1.2492616286908596e-03  
1.5418469019146063e-16  9.9999999999999967e-01  1.9324180400728122e-01  1.5885798587926383e+00  6.5282299658708864e-01  3.1101108126646038e+00  1.9411816843432323e+00  7.0128764343895567e+00  5.7729585842046784e+00  1.7608680440747932e+01  1.7676755184287153e+01  4.8220900700647512e+01  5.6172143528292885e+01  1.4197716676808051e+02  1.8552555387394310e+02  4.4477368152669015e+02  6.3637854846296034e+02  1.4707524823482822e+03  2.2634182697864430e+03  5.1016202995703970e+03  5.9211893447359099e-01  -1.6841239164165012e+00  -3.8351237776898595e-01  7.2243451889468813e-01  
7.4749908430166378e-17  9.9999999999999967e-01  -9.0418673154004392e-01  2.9363969248145465e+00  -5.1910045153718301e+00  1.3300110888858189e+01  -2.9388584750950553e+01  7.3513584536626325e+01  -1.7838108696312381e+02  4.5518533052575111e+02  -1.1631562427293334e+03  3.0510156610936897e+03  -8.0800514178019321e+03  2.1768531722943837e+04  -5.9298623738075497e+04  1.6367521281398984e+05  -4.5661851818135259e+05  1.2880337154451518e+06  -3.6692667085941848e+06  1.0554780973014990e+07  -1.3257089065080983e+00  1.1005193553982397e-01  7.2334739318887253e-01  2.3345102388873262e-01  
1.1886522215961840e-16  9.9999999999999989e-01  -1.0415808161216040e+00  3.0908633877625169e+00  -5.8563315499159128e+00  1.4402730452984873e+01  -3.2517096289184664e+01  7.9484097852552708e+01  -1.9263342202141581e+02  4.8235670896494503e+02  -1.2178550247428223e+03  3.1329392487957666e+03  -8.1502559995285183e+03  2.1493256554551110e+04  -5.7302281720633167e+04  1.5449149435230476e+05  -4.2070604637667036e+05  1.1568754855768697e+06  -3.2102193565960638e+06  8.9861196141554322e+06  -1.7237589729578340e+00  1.2929766216782704e-01  1.0136622013030363e+00  3.1616068829302713e-01  
5.4837470550439320e-17  9.9999999999999967e-01  -4.5396298534210866e-01  2.3726603501697245e+00  -2.4699036450085550e+00  8.2634778317777560e+00  -1.2800724673349816e+01  3.6400463411668582e+01  -7.0127468879258643e+01  1.8788782065902868e+02  -4.1202419666300233e+02  1.0877306506135021e+03  -2.5911060827551960e+03  6.8782986058547476e+03  -1.7344367208560012e+04  4.6715324278705266e+04  -1.2284455786222180e+05  3.3692424541326566e+05  -9.1559844860873744e+05  2.5597889114869428e+06  -5.9738544501600976e-01  -7.4408541504146775e-03  2.8895205950594172e-01  1.4839906677564327e-01  
-3.7009122269469535e-16  1.0000000000000002e+00  -5.1116834250245979e-01  1.9039735234789887e+00  -1.9624444152829461e+00  4.8746330638978117e+00  -6.8790461554445672e+00  1.4905280896972140e+01  -2.4753268837982763e+01  5.1254944895049796e+01  -9.3428402135949383e+01  1.9183812860918883e+02  -3.7081487020423992e+02  7.6693472103224008e+02  -1.5438435024607693e+03  3.2370207261726428e+03  -6.7179567978592022e+03  1.4312806134274495e+04  -3.0441508526547823e+04  6.5931651352294604e+04  -1.3381751636764287e+00  -1.0744473185678032e+00  8.4363442609275652e-01  5.8333430272831432e-01  
7.5847296750365907e-16  9.9999999999999978e-01  8.6461448593853141e-01  2.4312607165715039e+00  3.8058871886306642e+00  8.3890637989788193e+00  1.5929109626333910e+01  3.3929597448592560e+01  6.9788665704257880e+01  1.5034749093596380e+02  3.2308945712263676e+02  7.1085715083599189e+02  1.5744794921514617e+03  3.5405131671568633e+03  8.0323769831800091e+03  1.8434255562134313e+04  4.2687360087173787e+04  9.9808937269363189e+04  2.3535342702231769e+05  5.5972133497040253e+05  2.1087432721323434e+00  -5.4726747118227392e-01  -1.3735343984181705e+00  5.8172166781889989e-01  
1.8391757230993396e-16  9.9999999999999978e-01  -4.4217081971796934e-01  1.8441182337358413e+00  -1.6782339647039657e+00  4.5087481304039700e+00  -5.7783811719772791e+00  1.3148800899224744e+01  -2.0337961252901216e+01  4.3282217030020568e+01  -7.4899250499784358e+01  1.5577051564696512e+02  -2.8969388208139486e+02  6.0114979070441564e+02  -1.1748518772914156e+03  2.4568936577798199e+03  -4.9802474719846941e+03  1.0544354722534012e+04  -2.1992846354889873e+04  4.7233698564483748e+04  -1.1471751037146793e+00  -1.1054769749593054e+00  7.1481050672055158e-01  5.6384115141465951e-01  
-5.0852144264416163e-16  1.0000000000000000e+00  -1.1497244924670023e+00  3.5638995935323088e+00  -7.5164498641433086e+00  1.9889057356218562e+01  -4.9617824035792040e+01  1.3227768080682563e+02  -3.5308937941101169e+02  9.6968140504622113e+02  -2.6948062377670772e+03  7.6215069141904651e+03  -2.1828695010022391e+04  6.3362241305059462e+04  -1.8605506723094548e+05  5.5250902120365098e+05  -1.6577470717026575e+06  5.0232078439707011e+06  -1.5362739167444734e+07  4.7401821086156763e+07  -1.5308262908377768e+00  3.7841728061981894e-01  8.5269098525375164e-01  2.2336800504251261e-01  
-4.0296408164026486e-17  1.0000000000000004e+00  1.8135715779610231e-01  3.0883208421219668e+00  1.8850487230541286e+00  1.6735407024209081e+01  2.1225558956651028e+01  1.3626628763649254e+02  2.8428339283133198e+02  1.5490525786855703e+03  4.5793272917216027e+03  2.3423122647652999e+04  8.8514766874971407e+04  4.5340695141714392e+05  2.0428102983956863e+06  1.0893780398697274e+07  5.5973493393586352e+07  3.1724581659176743e+08  1.8096186822497110e+09  1.0998500692781071e+10  8.8955986256684744e-02  5.0512193500324665e-01  -2.9768509334215144e-02  4.8184167212622273e-04  
1.2049573649665931e-18  1.0000000000000002e+00  -4.5933585219155465e-01  2.3853471879570383e+00  -2.5133721952263604e+00  8.3754341505801442e+00  -1.3115924813758044e+01  3.7239392812072744e+01  -7.2411318712169205e+01  1.9409286001793348e+02  -4.2899284994171910e+02  1.1346679327569923e+03  -2.7214262559104545e+03  7.2450976182291670e+03  -1.8381138409175990e+04  4.9683585962533682e+04  -1.3138687958038202e+05  3.6178981805957219e+05  -9.8840831223670661e+05  2.7751442226363188e+06  -5.9970399347209558e-01  2.1133341633500940e-03  2.8941827614357668e-01  1.4616257019637247e-01  
-2.3681061047240423e-15  1.0000000000000004e+00  1.5334761923894866e+00  3.6816377196276324e+00  7.7636919725784495e+00  1.7271772172421375e+01  3.8219709541450371e+01  8.5708196612701045e+01  1.9338313781634417e+02  4.3983103928530522e+02  1.0071181936419795e+03  2.3215755402330205e+03  5.3852435178409141e+03  1.2567393724368692e+04  2.9497475966537193e+04  6.9618947483572716e+04  1.6518889645929137e+05  3.9396908059379179e+05  9.4426595965630363e+05  2.2740841311347797e+06  6.1049040169993098e+00  1.0911965279391875e+00  -5.1783204662380982e+00  1.5373661209276683e+00  
7.1653843268524171e-17  9.9999999999999833e-01  4.9074559521429928e-01  3.8939128106043368e+00  8.4943868050799871e+00  5.2283862985967112e+01  2.9308353762088353e+02  2.2104614962852347e+03  1.7725626963429400e+04  1.5236678460007231e+05  1.3495604469491749e+06  1.2215681424935317e+07  1.1207499188270737e+08  1.0384785736889341e+09  9.6934394427945271e+09  9.1007305533341919e+10  8.5845259057643237e+11  8.1294416622383008e+12  7.7242475338268625e+13  7.3605123401792950e+14  2.0295396519567058e-01  5.3211265017185372e-01  -6.9233771287190535e-02  2.4099324696968231e-03  
1.1023915968358855e-16  9.9999999999999956e-01  -5.2296557568333613e-01  2.4973704288429732e+00  -2.9758377671136289e+00  9.4024780764768785e+00  -1.6316127843859665e+01  4.5167592403069861e+01  -9.5305356576291288e+01  2.5434040031196537e+02  -6.0007874894812699e+02  1.6028344219177006e+03  -4.0569059500135877e+03  1.1006864485536025e+04  -2.9247592960064223e+04  8.1023127859274246e+04  -2.2332463705341387e+05  6.3242263589688297e+05  -1.7952664839718738e+06  5.1942776004553959e+06  -6.5346628675438467e-01  6.3551972577130383e-02  3.1303313382424208e-01  1.3654489320120039e-01  
1.1481529054165613e-16  1.0000000000000004e+00  -2.1932618127810996e-01  1.9493565832405466e+00  -9.7075997652740487e-01  5.0326752262655230e+00  -3.9237062899587931e+00  1.5571851420896607e+01  -1.6256040625881887e+01  5.5062850730404563e+01  -7.0595845831910339e+01  2.1628521440422278e+02  -3.2258533755655486e+02  9.2596817943467215e+02  -1.5490430712000305e+03  4.2625236547640789e+03  -7.7955954411012744e+03  2.0884971981165003e+04  -4.0990044661330016e+04  1.0807017123585583e+05  -3.9144192247925252e-01  -4.6223724724132287e-01  2.0778363423755475e-01  2.6434256375820725e-01  
4.7309205329099729e-17  9.9999999999999978e-01  2.1070583832708395e-01  3.1205517351212664e+00  2.2226701324807943e+00  1.7410111777493064e+01  2.5723692425114162e+01  1.4967191695688382e+02  3.6024649637440621e+02  1.8460719473938395e+03  6.2023912325203937e+03  3.1086798610689097e+04  1.3162533964831778e+05  6.8719572023734450e+05  3.4413076287386222e+06  1.9357410135573205e+07  1.1051611935641082e+08  6.7921851907786036e+08  4.3249148067410145e+09  2.9057194604802074e+10  1.0259585485467637e-01  5.0695256798508426e-01  -3.4374709311307435e-02  6.2678977143723537e-04  
-2.1982192174141130e-18  1.0000000000000002e+00  -9.9646283692248733e-02  1.4879758074516556e+00  -3.1430707696988969e-01  2.6528658519367836e+00  -8.6154130204098178e-01  5.3507527550514427e+00  -2.3404961313514874e+00  1.1868792976028585e+01  -6.5007380778796806e+00  2.8457868269893329e+01  -1.8632379328139006e+01  7.2895628597274722e+01  -5.5244598906289269e+01  1.9777870467006858e+02  -1.6943555515705660e+02  5.6465700163317410e+02  -5.3699064760807312e+02  1.6875494829352961e+03  -3.5109006097690765e-01  -2.1696582079393143e+00  2.3780411246624236e-01  9.0902104673775019e-01  
5.5015855518327528e-16  9.9999999999999900e-01  -4.7180535218922171e-01  1.5969837596799568e+00  -1.4570967652869775e+00  3.2359522726741718e+00  -3.9766324950177157e+00  7.6006707433890135e+00  -1.0907388168465490e+01  1.9716030607899754e+01  -3.0915013979580184e+01  5.4979071470841106e+01  -9.1115590029107508e+01  1.6224661231613533e+02  -2.7925584803428455e+02  5.0180605632351018e+02  -8.8830071288164118e+02  1.6161245838305995e+03  -2.9255355161193547e+03  5.3951071672005801e+03  -2.0424970213859184e+00  -2.6648405508650712e+00  1.5153975420608985e+00  1.3266570595158467e+00  
-7.0845044624130779e-17  9.9999999999999878e-01  2.8783790709394624e-01  1.5347453475891264e+00  9.0788635195999701e-01  2.9020252895323311e+00  2.5076641731093159e+00  6.3270811396563849e+00  6.9119741622718625e+00  1.5346491124450036e+01  1.9594940970120390e+01  4.0480089371015708e+01  5.7615180688011058e+01  1.1433101297764291e+02  1.7599233138173599e+02  3.4197227227416488e+02  5.5805777713598570e+02  1.0745209208188924e+03  1.8338952050337066e+03  3.5252902518045926e+03  1.0651943178752741e+00  -2.2602015916876299e+00  -7.4013249755647326e-01  1.0033452390420392e+00  
1.5717774408998705e-16  1.0000000000000000e+00  -2.8320096389683289e-02  1.5908313384600630e+00  -9.7761800201242033e-02  3.0883076890783667e+00  -2.9674549670122968e-01  6.8398832087129131e+00  -8.9926461768290489e-01  1.6737606740696364e+01  -2.8001968238209920e+00  4.4400282875290458e+01  -9.0307077525382073e+00  1.2606723998032032e+02  -3.0211347487175253e+01  3.7964166710210526e+02  -1.0477309337296235e+02  1.2042097377719749e+03  -3.7612185773029586e+02  4.0016328124130582e+03  -8.1027289977963352e-02  -1.5163677285738364e+00  5.0965142048467749e-02  6.3442700881502023e-01  
-3.3254339934478840e-17  1.0000000000000000e+00  4.5622206870342913e-01  3.7193378419633150e+00  7.0153488506241590e+00  4.1012775673860808e+01  1.9768543833104425e+02  1.3868465044375966e+03  1.0398446781764682e+04  8.6140288451056244e+04  7.4310742349597497e+05  6.6103488695400963e+06  5.9880941676823676e+07  5.4960273118125772e+08  5.0920322240788965e+09  4.7520360896560539e+10  4.4602453109881976e+11  4.2060843849666768e+12  3.9820414734129094e+13  3.7826214335783169e+14  1.9526438134902227e-01  5.2873717759745764e-01  -6.6456521086854681e-02  2.2450865406040909e-03  
-4.5238274283659025e-16  9.9999999999999967e-01  -5.7654061613737040e-01  2.2076131070629041e+00  -2.6413656957181013e+00  6.9297560403444924e+00  -1.1357273421455632e+01  2.6624218780944613e+01  -5.1042645812715882e+01  1.1640079203311529e+02  -2.4361988878001779e+02  5.5769638654595508e+02  -1.2334927980578700e+03  2.8676452220266933e+03  -6.5935245610246329e+03  1.5625627014001066e+04  -3.7016375272851932e+04  8.9473626456636615e+04  -2.1722442467174801e+05  5.3518464891930507e+05  -1.0873426391259309e+00  -4.1011103279310734e-01  6.1323912314312867e-01  3.2624532827544567e-01  
7.9893636234135959e-17  1.0000000000000002e+00  -3.4375950024430590e-01  1.8955011161282005e+00  -1.4096245992933474e+00  4.7695693418850738e+00  -5.2619203035480666e+00  1.4403778415999984e+01  -2.0114250198220876e+01  4.9585371635306338e+01  -8.0574197498975167e+01  1.8860504237506774e+02  -3.3956099251665609e+02  7.7665818122341364e+02  -1.5033542589087695e+03  3.4146088840809080e+03  -6.9718317756445476e+03  1.5870829399780116e+04  -3.3756396286894917e+04  7.7420714996148919e+04  -7.3303441654226587e-01  -7.4005870038995403e-01  4.2048668776986592e-01  3.8429894038694634e-01  
2.5224174591494249e-16  1.0000000000000013e+00  4.3839618686669740e-01  1.9108663131811314e+00  1.7504802007495628e+00  4.8996531834726467e+00  6.3808725546768867e+00  1.5093271709093282e+01  2.3876118486192045e+01  5.2745512614851570e+01  9.3765741302994130e+01  2.0228358918436547e+02  3.8766171239802503e+02  8.3424289194198388e+02  1.6837845029760629e+03  3.6517213551854225e+03  7.6568288482780945e+03  1.6815505902958463e+04  3.6322443667705418e+04  8.0939475603638377e+04  1.0212920598403123e+00  -8.7060375150113345e-01  -6.1157332105724826e-01  4.6386574957754351e-01  
1.2956986679523394e-16  9.9999999999999978e-01  -7.9672607950604735e-01  2.1746711952087412e+00  -3.1155237490144532e+00  6.5117188688219425e+00  -1.1371255235453267e+01  2.2662460517946702e+01  -4.2995784328424122e+01  8.6065076499707061e+01  -1.7072551295945885e+02  3.4772121504675624e+02  -7.1074490726034128e+02  1.4763094884156808e+03  -3.0889371320999985e+03  6.5391350236301059e+03  -1.3955432390529697e+04  3.0068624351900926e+04  -6.5301904779831806e+04  1.4300389786489229e+05  -2.4310743599304785e+00  -1.0768842924995805e+00  1.6883095002544493e+00  8.2646163109967519e-01  
9.6332415594544554e-16  9.9999999999999944e-01  1.7293578349525629e+00  5.1531560085235180e+00  1.3443776523154487e+01  3.7807694636485529e+01  1.0643652011963914e+02  3.0630671198217715e+02  8.9192099911444268e+02  2.6319987899360544e+03  7.8535361572306438e+03  2.3684016491434842e+04  7.2120566546908667e+04  2.2162966384145111e+05  6.8693018811359059e+05  2.1463979754433399e+06  6.7582786839435538e+06  2.1435234215515193e+07  6.8460572726566151e+07  2.2011089195166722e+08  2.4012816982686966e+00  1.1271721069784941e+00  -1.5730366794269270e+00  3.3507066801991064e-01  
6.7579979057143767e-17  1.0000000000000002e+00  -3.7331443896465943e-01  2.2136486932282566e+00  -1.8932095936481348e+00  6.9325138012837844e+00  -9.0059771867268115e+00  2.7003705842864775e+01  -4.4789339254426189e+01  1.2257424266799619e+02  -2.3702174086421078e+02  6.2367142298442684e+02  -1.3351520078206547e+03  3.4700636050770386e+03  -7.9748350451619817e+03  2.0766457978433133e+04  -5.0269153617326039e+04  1.3214031468974188e+05  -3.3286562131850305e+05  8.8663060274591867e+05  -5.4102427292454480e-01  -1.3627803220261575e-01  2.6879964414103008e-01  1.7771523935327058e-01  
-6.3382793477367893e-17  1.0000000000000007e+00  -6.3493815956414856e-01  2.3308754927550708e+00  -3.0492421989727534e+00  7.8814695657767118e+00  -1.3885338462868216e+01  3.2732589359299368e+01  -6.6501426070748664e+01  1.5449326536786069e+02  -3.3945433689037662e+02  7.9766200411417412e+02  -1.8417423552064606e+03  4.4138814097157292e+03  -1.0560215034996005e+04  2.5858743685501584e+04  -6.3623233155366550e+04  1.5910063711629645e+05  -4.0074698975914624e+05  1.0221139245601996e+06  -1.1254276520885282e+00  -2.8484377893728008e-01  6.2593276213494620e-01  2.9623776071073360e-01  
-2.5628208086873333e-16  9.9999999999999989e-01  -5.2974866444619284e-01  2.6210300120267269e+00  -3.2460651602553501e+00  1.0634417977875767e+01  -1.9395537055855510e+01  5.5911446512806897e+01  -1.2453232142457556e+02  3.4770983121311900e+02  -8.6739872055640853e+02  2.4336851280338133e+03  -6.5182141894330634e+03  1.8633320748897499e+04  -5.2424681579018703e+04  1.5336861940783332e+05  -4.4785239980935148e+05  1.3416031401516185e+06  -4.0371057496239250e+06  1.2372078000573747e+07  -5.8728479312937454e-01  1.6788442467333056e-01  2.6935133182158955e-01  1.0418582299126222e-01  
2.7290839233326913e-17  1.0000000000000002e+00  -3.9199569486815089e-01  1.9488502613782193e+00  -1.6405572620354569e+00  5.1147428858441142e+00  -6.2863234017670395e+00  1.6209924144036165e+01  -2.4770482735592847e+01  5.8648313147578293e+01  -1.0259165072831391e+02  2.3428426459056996e+02  -4.4796519249352565e+02  1.0117269696241381e+03  -2.0579543973476875e+03  4.6572276632212097e+03  -9.9127289118937024e+03  2.2631606785593001e+04  -4.9881812993184358e+04  1.1528573574205535e+05  -8.1623675958132813e-01  -6.7448605814902129e-01  4.6634073786788094e-01  3.7167847864906811e-01  
-4.9474307629639909e-16  9.9999999999999967e-01  -6.0277360302815786e-01  2.5501941346264640e+00  -3.3873393071738565e+00  9.8769175395249142e+00  -1.8408586174458758e+01  4.8490729839203595e+01  -1.0674363234870955e+02  2.7634355145660919e+02  -6.6710214745573967e+02  1.7476786372406968e+03  -4.4711637652195332e+03  1.1967515160243502e+04  -3.1901130689324094e+04  8.7429621850351628e+04  -2.4060483137232868e+05  6.7484359338260407e+05  -1.9068039610084486e+06  5.4655899470416978e+06  -7.9364589080397452e-01  4.2048961699431363e-02  3.9265353173260442e-01  1.5939429931202806e-01  
4.2120821104517150e-16  9.9999999999999956e-01  9.0530635182605046e-01  2.4159166349586276e+00  3.8333013414436947e+00  8.1628364804297711e+00  1.5389313157316995e+01  3.1880250783934301e+01  6.4433070211673453e+01  1.3520214161991896e+02  2.8398204077939602e+02  6.0830721347704218e+02  1.3129632520615771e+03  2.8715055884839089e+03  6.3359833209045810e+03  1.4126641218870707e+04  3.1770196191742994e+04  7.2090539640548464e+04  1.6490979935647050e+05  3.8025703092830139e+05  2.5005196787546655e+00  -6.9472111644631773e-01  -1.7131353615637475e+00  7.2872746353038653e-01  
2.1563038046146182e-15  9.9999999999999434e-01  2.6638081853728952e+00  1.3251819051865796e+01  6.2709403937867236e+01  3.1584495309114209e+02  1.6188911678981110e+03  8.4629176683808164e+03  4.4890591026691756e+04  2.4124284504310039e+05  1.3113890689058735e+06  7.2032478961950429e+06  3.9945271610672079e+07  2.2347940403194860e+08  1.2606304018445146e+09  7.1663388537661095e+09  4.1037080564104317e+10  2.3662398803904767e+11  1.3733994724254873e+12  8.0215641371607207e+12  8.9288017718925550e-01  1.1469696264941591e+00  -4.5405866821879726e-01  4.4043695605042406e-02  
3.5807583063049329e-16  9.9999999999999145e-01  -1.1430321500925253e+00  3.6434002683203879e+00  -7.7998299596114382e+00  2.1177059325725288e+01  -5.4077149677947041e+01  1.4807578503459578e+02  -4.0597819806466981e+02  1.1467349454659350e+03  -3.2791719281683404e+03  9.5497986119410562e+03  -2.8176460384470269e+04  8.4294757415456697e+04  -2.5520100926475698e+05  7.8163584791617980e+05  -2.4195745204772386e+06  7.5662295827957150e+06  -2.3886572983949017e+07  7.6097051136038125e+07  -1.4051740757865117e+00  4.1174904823254821e-01  7.5904111865422896e-01  1.9070970140813723e-01  
-1.8212233434655578e-16  9.9999999999999956e-01  -8.7133790847351322e-01  2.4131722148074353e+00  -3.7743990564651551e+00  8.2220109361581333e+00  -1.5520004635106011e+01  3.2707430469166852e+01  -6.6706680950339248e+01  1.4219929671861109e+02  -3.0258730625266452e+02  6.5859707255426338e+02  -1.4432868054333367e+03  3.2095507083522093e+03  -7.2005701939839100e+03  1.6336725979283008e+04  -3.7394716521239883e+04  8.6410141044709962e+04  -2.0134889908141096e+05  4.7311641487699072e+05  -2.2159225932453666e+00  -6.0678366948561357e-01  1.4664290779312825e+00  6.2644027630264942e-01  
5.1914653137177864e-17  1.0000000000000002e+00  -4.7293067366222136e-01  2.4001255570459761e+00  -2.5952932195531182e+00  8.5086159302057105e+00  -1.3601619498837474e+01  3.8225363948368766e+01  -7.5486230961274927e+01  2.0120021874382672e+02  -4.4981193533458037e+02  1.1868243683725675e+03  -2.8709811630223621e+03  7.6403529802804351e+03  -1.9512457919670731e+04  5.2790009603938248e+04  -1.4034555521555833e+05  3.8711956549121608e+05  -1.0623318746424988e+06  2.9891872502101744e+06  -6.1726353713361481e-01  6.3431926048257781e-03  2.9841102410688453e-01  1.4693989556362108e-01  
-1.4813719305994738e-25  1.0000000000000002e+00  -9.5683784494281207e-02  1.8070028838524717e+00  -3.8933438966714645e-01  4.1673379238919130e+00  -1.4250418312031159e+00  1.1245325635202033e+01  -5.2872680188026093e+00  3.4105307263317613e+01  -2.0383235956707161e+01  1.1355942555880861e+02  -8.2092482437288893e+01  4.0875589647249819e+02  -3.4536920339830931e+02  1.5731433057621034e+03  -1.5150278780298256e+03  6.4202654366631450e+03  -6.9136267534262015e+03  2.7607370180831316e+04  -1.9676852990749166e-01  -7.3157749580129827e-01  1.0962095752380431e-01  3.4513252000344019e-01  
-3.4983055759772690e-16  9.9999999999999900e-01  -9.8235391735927968e-01  2.9190588471851555e+00  -5.2702569391784948e+00  1.2739748729920565e+01  -2.7704169420513210e+01  6.6040632210181883e+01  -1.5493755072077653e+02  3.7730028137139817e+02  -9.2406003809709489e+02  2.3098818853729626e+03  -5.8342028128104303e+03  1.4947972956215959e+04  -3.8709950580939978e+04  1.0140530794231205e+05  -2.6830655316342413e+05  7.1698472685446229e+05  -1.9335248401219340e+06  5.2605294746295558e+06  -1.7157909740239745e+00  1.9075101098853596e-02  1.0155665308943920e+00  3.3870395260317604e-01  
2.2455050038835763e-16  1.0000000000000000e+00  -7.1877995162207786e-01  2.1361129505475325e+00  -2.8835636147189843e+00  6.3264753392924513e+00  -1.0779629397387048e+01  2.2128392164878118e+01  -4.1801778171166951e+01  8.5500384119060911e+01  -1.7072080709575044e+02  3.5435528938197865e+02  -7.3344796372840574e+02  1.5521059196185686e+03  -3.3002714282962042e+03  7.1224282439708486e+03  -1.5483414714002105e+04  3.4042689380372023e+04  -7.5438073374955333e+04  1.6875130788682643e+05  -1.9404555140585187e+00  -9.2789573777527157e-01  1.2756692409248789e+00  6.5616472901710676e-01  
-7.4185923300836872e-18  9.9999999999999967e-01  -3.3144651004745990e-01  2.2616516459946716e+00  -1.7647430540689693e+00  7.2806229686468091e+00  -8.8496368171487099e+00  2.9302635660227740e+01  -4.6518739803656686e+01  1.3821504247330810e+02  -2.6072471034685054e+02  7.3491781966293820e+02  -1.5582218786318006e+03  4.2950860382016381e+03  -9.8907788213736440e+03  2.7118174544078931e+04  -6.6357523057115613e+04  1.8272583045526285e+05  -4.6835712779813795e+05  1.3022906496863472e+06  -4.3633103826991526e-01  -3.7466289611841966e-02  2.0806064271878377e-01  1.4169020052401354e-01  
-2.5141947117998159e-16  9.9999999999999978e-01  5.8815664152480274e-01  1.6081137383147925e+00  1.7240403256186438e+00  3.2923676509731208e+00  4.4652124796013331e+00  7.6943047188560580e+00  1.1611803519082564e+01  1.9499396027183128e+01  3.1124128355716856e+01  5.2318584209622529e+01  8.6434103368312364e+01  1.4682563284921949e+02  2.4856763427936841e+02  4.2799585864995140e+02  7.3872974666082075e+02  1.2900598392522265e+03  2.2636033601613549e+03  4.0077816744628467e+03  3.3601537275441187e+00  -3.6660055262703826e+00  -2.7212156962705851e+00  2.0417576807491811e+00  
1.8038789534513904e-16  1.0000000000000000e+00  4.6215660175399659e-01  1.9468664928870727e+00  1.8738212031076096e+00  5.1270539514679419e+00  6.9612520068711508e+00  1.6263225884925447e+01  2.6612005213838266e+01  5.8532670706618759e+01  1.0694940553389698e+02  2.3104135599559365e+02  4.5297298101829432e+02  9.7997986534681581e+02  2.0169013657015928e+03  4.4090244848332104e+03  9.4059716676059888e+03  2.0857411648036508e+04  4.5770685210789045e+04  1.0309887187627608e+05  1.0541465267259285e+00  -8.1331808949981232e-01  -6.2813548250653473e-01  4.4912261214198712e-01  
5.7782374645909331e-16  1.0000000000000002e+00  -1.5654796921255715e-01  1.4967635212569839e+00  -4.9353200868026953e-01  2.7007965717747568e+00  -1.3541840760598074e+00  5.5410358306612064e+00  -3.6879562082129258e+00  1.2551494956186499e+01  -1.0282647667427733e+01  3.0825412995642989e+01  -2.9621908236923549e+01  8.1055749361178471e+01  -8.8374351179038626e+01  2.2610372110925084e+02  -2.7300844386563841e+02  6.6434499382665581e+02  -8.7231652954346487e+02  2.0445260626387376e+03  -5.5762921547301081e-01  -2.1919460774752459e+00  3.7979720948521939e-01  9.2904816317473737e-01  
6.3811845638569284e-16  9.9999999999999989e-01  6.8634122095461403e-01  1.9639224085970515e+00  2.4924434847622128e+00  5.2055360346871007e+00  8.3093533643127593e+00  1.6107548801707278e+01  2.8469914802961547e+01  5.4705207820113316e+01  1.0209312377720008e+02  1.9841076804392819e+02  3.8341183736310052e+02  7.5796618233184529e+02  1.5030663692234853e+03  3.0253886614406920e+03  6.1275143198245723e+03  1.2549513061007288e+04  2.5886091562433652e+04  5.3886193554511832e+04  2.2946408013499475e+00  -1.4800293384322647e+00  -1.6131133110044384e+00  9.2690743830161326e-01  
5.0546441570637330e-16  1.0000000000000000e+00  -5.8521803393140026e-01  2.0383296967313616e+00  -2.3778240592074233e+00  5.7243140071049528e+00  -8.9339911167809127e+00  1.9293002191054303e+01  -3.4729676454177138e+01  7.3028760253846457e+01  -1.4228628075015845e+02  3.0018653159407575e+02  -6.1470157089844054e+02  1.3154988263439830e+03  -2.7900449565987738e+03  6.0781630998011551e+03  -1.3246609888615758e+04  2.9393354620686452e+04  -6.5518487968927751e+04  1.4799235917490299e+05  -1.4121679875598445e+00  -8.3728867675746521e-01  8.7344124907130050e-01  5.1611352077526562e-01  
2.8797758361227030e-16  1.0000000000000004e+00  -4.0606503950903472e-01  1.9196084626682273e+00  -1.6543997329975191e+00  4.9410461715166045e+00  -6.1557485869093185e+00  1.5308074081122987e+01  -2.3515037630641931e+01  5.3980187346886261e+01  -9.4300936400482001e+01  2.0961102243033505e+02  -3.9828573431703990e+02  8.7794317028273213e+02  -1.7682292205290687e+03  3.9127096618822070e+03  -8.2241483732314227e+03  1.8381179789861613e+04  -3.9930722422987979e+04  9.0410143280102173e+04  -8.9644518073219570e-01  -7.7950518164157545e-01  5.2429047668718909e-01  4.1645191257244457e-01  
-2.2191267922760336e-16  1.0000000000000002e+00  -2.6955235461443383e-01  1.6467321345246619e+00  -9.3644120169848255e-01  3.4077456897735239e+00  -2.8849420244498467e+00  8.2187620753170805e+00  -8.9396718050793211e+00  2.2222758308257376e+01  -2.8650078625213531e+01  6.5755474967197301e+01  -9.5632884144578327e+01  2.0943733640422622e+02  -3.3274671854266586e+02  7.0965964480273476e+02  -1.2052204441685674e+03  2.5359347203185011e+03  -4.5349706226867957e+03  9.4938972892209404e+03  -7.9256312339499613e-01  -1.5311007451589704e+00  5.0825980967369833e-01  6.7910397840287573e-01  
1.1035399515760650e-15  9.9999999999999978e-01  9.9501707524759664e-01  2.6190377057842862e+00  4.4592864208779144e+00  9.6536533236131117e+00  1.9151197103872757e+01  4.0843667178711691e+01  8.6078985458544466e+01  1.8677193941581234e+02  4.0749817731430727e+02  9.0374250122440776e+02  2.0226176031820846e+03  4.5805746541538865e+03  1.0470158087072434e+04  2.4167362388137721e+04  5.6269658158045604e+04  1.3214199936051932e+05  3.1280512742401467e+05  7.4621567265127087e+05  2.5969442324899061e+00  -4.4504884957897722e-01  -1.7766089088038985e+00  6.8664210944363757e-01  
5.4592555870545311e-16  1.0000000000000000e+00  -1.2370808140094594e+00  3.3910269895284988e+00  -6.9397847460294937e+00  1.6650791392910495e+01  -3.8526032115196131e+01  9.3180102213804176e+01  -2.2643076457716853e+02  5.6138446680137997e+02  -1.4069153764367077e+03  3.5736341759286697e+03  -9.1751203121831477e+03  2.3813171191668909e+04  -6.2409820708719279e+04  1.6510535379182742e+05  -4.4063145828907570e+05  1.1858349504228130e+06  -3.2167759387959098e+06  8.7925370786022712e+06  -2.3702292539521279e+00  2.8008895093511316e-01  1.5373784657655865e+00  4.5306380107829597e-01  
5.7749377091143910e-17  1.0000000000000007e+00  -8.1594821944942303e-02  1.8815825464951215e+00  -3.5152654661864607e-01  4.5805293208007596e+00  -1.3720445426290069e+00  1.3139603472554805e+01  -5.4538841566614451e+00  4.2548604248215476e+01  -2.2601114997470507e+01  1.5172296967081013e+02  -9.8092510535114130e+01  5.8617876222408609e+02  -4.4560636124016816e+02  2.4256816012450445e+03  -2.1140731062856726e+03  1.0659564753993314e+04  -1.0447547175691972e+04  4.9414816483863979e+04  -1.5033138203697410e-01  -5.3376689761674223e-01  8.0280721823346779e-02  2.7731779197379736e-01  
3.1904942031654778e-16  9.9999999999999989e-01  -6.7101481709600919e-01  2.8778310061200743e+00  -4.3961324240429258e+00  1.3387127298775860e+01  -2.8660040687466527e+01  8.1028802857470779e+01  -2.0319735957536898e+02  5.7539183849866822e+02  -1.5723011551196894e+03  4.5589260639772428e+03  -1.3156426245198076e+04  3.9252694995050166e+04  -1.1785389094042472e+05  3.6159597769067233e+05  -1.1204273333966695e+06  3.5276763207273693e+06  -1.1225041807319539e+07  3.6182695321786374e+07  -7.0561525884810572e-01  2.4854159168010084e-01  3.2516823924769606e-01  1.0055271955953203e-01  
