#### N=3000:  
{'GPR/kern/variance': array(69596.48620103), 'GPR/mean_function/A': array([[ -64.9415696 ,  -36.6954654 ,  -43.13315986,  -50.29347826,
          17.27296739],
       [ -25.49161058,   90.32754697,  -39.48286974, -144.1215865 ,
        -123.05061791],
       [  65.47976854,   52.64078911,   -6.43133594,  -11.92468252,
         -99.76620832],
       [  -0.78123368,   -1.30259067,    1.11992344,    0.80655915,
          -6.24069559]]), 'GPR/mean_function/b': array([[ 122.45286498, -369.75254486,  325.60122195,  786.18607203,
         759.42049824]]), 'GPR/kern/lengthscales': array([1.44798524e+00, 1.56853843e+00, 1.48330763e+00, 1.96678513e+04])}
