#### N=1000:  
{'GPR/kern/variance': array(24995.81687545), 'GPR/mean_function/b': array([[   5.12083525, -188.23864593,  132.25179395,  323.83449678,
         157.68373841]]), 'GPR/kern/lengthscales': array([1.50884175e+00, 1.57001760e+00, 1.45939659e+00, 8.88804915e+03,
       7.46084396e+03, 1.32927538e+04]), 'GPR/mean_function/A': array([[-9.17021915e+01, -6.81728768e-01,  1.03554428e+01,
        -4.61466918e+01, -2.68656470e+00],
       [-2.18670521e+01,  2.21567366e+01, -6.91910554e+00,
        -4.59564701e+01, -3.22423651e+01],
       [ 8.12475714e+01,  4.65636926e+00, -2.62752244e+01,
         1.67086723e+01, -7.31903785e+01],
       [-5.68324921e-01,  5.53628841e+00,  5.97805057e-01,
        -5.40786683e+00, -7.69987893e-01],
       [-5.91261807e-01,  6.14904363e-01, -2.71939633e-02,
        -6.34503860e-01,  5.41348687e+00],
       [ 3.21640095e-01, -2.26384220e-02, -3.12030018e-01,
        -3.64615864e-02, -6.54109383e-01]])}
