#### N=100:  
{'GPR/mean_function/A': array([[  4.24182164,   0.89456956,  -5.16876152,  -0.48756635,
         22.23185484],
       [ -0.53592991,   2.53145614,   0.81283576,  -1.47182086,
         -4.29555304],
       [ -5.43917795,  -1.19056235,   7.34459543,   0.67096084,
        -35.95413375],
       [  0.09555252,  -1.65935882,  -0.15364686,   0.94613176,
          1.03816677],
       [  1.82223391,   0.22334237,  -2.49216433,  -0.10335196,
         12.17412231]]), 'GPR/kern/kernels/0/variance': array(6.01650002), 'GPR/kern/kernels/1/weight_variances': array([9.68326535e-03, 7.45289801e+00, 1.00000000e-06, 5.47222471e-01,
       1.00000000e-06]), 'GPR/mean_function/b': array([[0.64171475, 0.21500283, 0.89377472, 1.39883074, 4.72984776]]), 'GPR/kern/kernels/1/variance': array(18.88936257), 'GPR/kern/kernels/1/bias_variance': array(1.0002144e-06), 'GPR/kern/kernels/0/lengthscales': array([  0.97755267,   1.19330376, 357.02716338, 168.10087886,
       305.38723777])}
#### N=200:  
{'GPR/kern/kernels/0/lengthscales': array([   1.85216589,    2.31217366,    1.67433538, 1191.70729562,
       1598.35934811]), 'GPR/kern/kernels/1/variance': array(0.0102311), 'GPR/kern/kernels/1/bias_variance': array(0.2573434), 'GPR/mean_function/b': array([[ 0.7675394 , -6.44488407, -0.87218652,  7.48981566, 26.91798495]]), 'GPR/kern/kernels/0/variance': array(2952.85272054), 'GPR/kern/kernels/1/weight_variances': array([1.10100353e+00, 1.05660223e+03, 1.00000000e-06, 1.00000000e-06,
       1.00000000e-06]), 'GPR/mean_function/A': array([[ 4.76050869e+00,  5.24129870e-01, -5.53830654e+00,
        -5.19403727e-02,  1.74585398e+01],
       [ 3.12857366e-01,  6.73485958e+00, -1.16593275e+00,
        -5.07655433e+00,  9.73928115e+00],
       [-4.25251400e+00, -2.40486899e+00,  6.34618553e+00,
         1.67568496e+00, -3.52146123e+01],
       [ 3.18953767e-02, -1.70920601e+00,  3.30598717e-01,
         8.62438494e-01, -5.56729747e+00],
       [-3.36101866e-01,  3.68804873e-01,  6.19119991e-01,
        -9.35817748e-03, -4.18232317e+00]])}
#### N=300:  
{'GPR/mean_function/b': array([[  -4.14703445,  -31.23380791,    3.26341425,   28.55072679,
        -131.28461695]]), 'GPR/mean_function/A': array([[ 1.67529331e+01, -3.16972825e+00, -1.81619791e+01,
         5.32853990e+00,  6.51100562e+01],
       [ 8.13215404e-01,  1.74685143e+01, -1.13754437e+00,
        -1.40122521e+01,  5.03022526e+01],
       [-1.46898340e+01, -1.28160311e+00,  2.01455978e+01,
         3.85965453e-02, -1.06544592e+02],
       [ 4.10542930e-01, -3.62991173e+00, -4.07189688e-01,
         2.37855124e+00,  1.81419160e+00],
       [ 2.00988192e+00,  1.01600228e+00, -2.97606367e+00,
        -5.91468307e-01,  1.79205511e+01]]), 'GPR/kern/kernels/1/variance': array(1.e-06), 'GPR/kern/kernels/1/weight_variances': array([1.00000000e-06, 5.59369732e+02, 1.00000000e-06, 1.00000000e-06,
       1.00000000e-06]), 'GPR/kern/kernels/0/lengthscales': array([1.45415442e+00, 1.56797599e+00, 2.05464220e+00, 3.31214631e+03,
       2.00904631e+03]), 'GPR/kern/kernels/1/bias_variance': array(1.e-06), 'GPR/kern/kernels/0/variance': array(6187.32157505)}
#### N=400:  
{'GPR/kern/kernels/0/lengthscales': array([1.63068280e+00, 1.88755306e+00, 2.10515788e+00, 8.61031233e+03,
       5.84448426e+03]), 'GPR/kern/kernels/1/weight_variances': array([1.00000000e-06, 3.52057205e+03, 1.00000000e-06, 1.00000000e-06,
       1.00000000e-06]), 'GPR/kern/kernels/1/bias_variance': array(1.e-06), 'GPR/kern/kernels/0/variance': array(19742.96647341), 'GPR/mean_function/A': array([[ 12.18418209,   5.98967777, -50.82031445,  -8.96326174,
         -1.51173752],
       [  3.22382661,  23.8362076 , -14.58110659, -38.38906221,
         40.44954221],
       [ -7.66329324,  28.19222684,  37.72998262, -23.10569957,
        -55.87839419],
       [  0.6310552 ,  -1.22137196,  -1.56094405,  -0.20217276,
         14.10604101],
       [  1.97922571,  -0.36202885,  -2.54750719,   0.5472326 ,
          7.70643284]]), 'GPR/mean_function/b': array([[  -0.31424198, -173.72480132,  105.02628712,  256.17463857,
        -282.90627393]]), 'GPR/kern/kernels/1/variance': array(1.e-06)}
#### N=500:  
{'GPR/mean_function/b': array([[  -9.97579532, -278.67321639,   72.09657564,  313.8685063 ,
        -199.98495824]]), 'GPR/kern/kernels/1/weight_variances': array([1.e-06, 1.e-06, 1.e-06, 1.e-06, 1.e-06]), 'GPR/mean_function/A': array([[   2.95763902,  -14.50997159,  -33.00492785,  -10.13795077,
          22.90518221],
       [ -25.06684631,   34.67818652,   -4.27820701,  -57.66574304,
          47.47914017],
       [ -33.87742147,  -20.50942572,   22.9218556 ,   -6.28291781,
        -115.00586617],
       [   1.0242062 ,    1.7487229 ,   -1.09229191,   -1.89862137,
           6.84838813],
       [   2.33015352,    0.2616429 ,   -2.72320405,    0.71351293,
          13.36769771]]), 'GPR/kern/kernels/0/lengthscales': array([1.60474057e+00, 1.87021772e+00, 2.34817825e+00, 9.22799432e+03,
       6.69023286e+03]), 'GPR/kern/kernels/0/variance': array(25202.42141503), 'GPR/kern/kernels/1/variance': array(1.e-06), 'GPR/kern/kernels/1/bias_variance': array(1.e-06)}
#### N=1000:  
{'GPR/kern/kernels/1/bias_variance': array(1.e-06), 'GPR/mean_function/A': array([[   1.83805475,   -3.8283178 ,  -19.32640269,   -1.26958924,
          25.62625018],
       [   1.88385477,   70.45797513,   -9.60674116,  -66.87404623,
          42.34514966],
       [   7.28089305,   -8.84300722,    9.56350833,    1.52878846,
        -198.91121104],
       [   0.22257576,    2.8768255 ,   -0.30468818,   -4.030339  ,
          -2.77575226],
       [   0.85611309,    1.32593933,   -0.51835561,   -0.71603213,
           5.92688209]]), 'GPR/kern/kernels/1/weight_variances': array([1.0000000e-06, 3.4123377e+03, 1.0000000e-06, 1.0000000e-06,
       1.0000000e-06]), 'GPR/kern/kernels/1/variance': array(1.e-06), 'GPR/mean_function/b': array([[ -10.56219201, -231.72961327,   67.03406612,  293.425316  ,
         208.02025863]]), 'GPR/kern/kernels/0/lengthscales': array([1.59434970e+00, 1.67541974e+00, 1.59310084e+00, 1.16140840e+04,
       1.11196717e+04]), 'GPR/kern/kernels/0/variance': array(38460.00978038)}
#### N=2000:  
{'GPR/kern/kernels/1/variance': array(1.e-06), 'GPR/kern/kernels/1/bias_variance': array(1.e-06), 'GPR/mean_function/b': array([[  -3.51657786, -126.44609532,   77.65216502,  190.03869129,
          20.10247852]]), 'GPR/kern/kernels/0/variance': array(25305.25622175), 'GPR/kern/kernels/0/lengthscales': array([1.47378511e+00, 1.50599195e+00, 1.32207614e+00, 6.41260554e+03,
       7.04168750e+03]), 'GPR/kern/kernels/1/weight_variances': array([1.00000000e-06, 1.00000000e-06, 1.13042126e+03, 1.00000000e-06,
       1.00000000e-06]), 'GPR/mean_function/A': array([[-1.49511753e+01,  3.97643264e+01,  1.56971492e+01,
        -2.53550007e+01, -8.63020491e+00],
       [ 2.01574086e+01,  6.54371948e+01, -5.71159497e+00,
        -4.12474640e+01,  9.14227400e+00],
       [ 6.40733381e+01,  1.10439059e+01, -2.98380151e+01,
         1.04975121e+01,  8.03532912e+00],
       [-1.13537675e+00, -1.73086988e-02,  1.09270445e+00,
        -5.53796164e-01, -2.12445523e+00],
       [-2.45430250e-01,  8.70067214e-01, -9.45646904e-03,
        -9.26125672e-01,  2.79282956e+00]])}
#### N=100:  
{'GPR/kern/kernels/1/variance': array(18.88936257), 'GPR/mean_function/A': array([[  4.24182164,   0.89456956,  -5.16876152,  -0.48756635,
         22.23185484],
       [ -0.53592991,   2.53145614,   0.81283576,  -1.47182086,
         -4.29555304],
       [ -5.43917795,  -1.19056235,   7.34459543,   0.67096084,
        -35.95413375],
       [  0.09555252,  -1.65935882,  -0.15364686,   0.94613176,
          1.03816677],
       [  1.82223391,   0.22334237,  -2.49216433,  -0.10335196,
         12.17412231]]), 'GPR/kern/kernels/0/lengthscales': array([  0.97755267,   1.19330376, 357.02716338, 168.10087886,
       305.38723777]), 'GPR/kern/kernels/1/weight_variances': array([9.68326535e-03, 7.45289801e+00, 1.00000000e-06, 5.47222471e-01,
       1.00000000e-06]), 'GPR/kern/kernels/1/bias_variance': array(1.0002144e-06), 'GPR/kern/kernels/0/variance': array(6.01650002), 'GPR/mean_function/b': array([[0.64171475, 0.21500283, 0.89377472, 1.39883074, 4.72984776]])}
#### N=100:  
{'GPR/kern/kernels/0/variance': array(6.01650002), 'GPR/kern/kernels/1/variance': array(18.88936257), 'GPR/kern/kernels/1/bias_variance': array(1.0002144e-06), 'GPR/mean_function/A': array([[  4.24182164,   0.89456956,  -5.16876152,  -0.48756635,
         22.23185484],
       [ -0.53592991,   2.53145614,   0.81283576,  -1.47182086,
         -4.29555304],
       [ -5.43917795,  -1.19056235,   7.34459543,   0.67096084,
        -35.95413375],
       [  0.09555252,  -1.65935882,  -0.15364686,   0.94613176,
          1.03816677],
       [  1.82223391,   0.22334237,  -2.49216433,  -0.10335196,
         12.17412231]]), 'GPR/mean_function/b': array([[0.64171475, 0.21500283, 0.89377472, 1.39883074, 4.72984776]]), 'GPR/kern/kernels/0/lengthscales': array([  0.97755267,   1.19330376, 357.02716338, 168.10087886,
       305.38723777]), 'GPR/kern/kernels/1/weight_variances': array([9.68326535e-03, 7.45289801e+00, 1.00000000e-06, 5.47222471e-01,
       1.00000000e-06])}
#### N=200:  
{'GPR/kern/kernels/1/bias_variance': array(0.2573434), 'GPR/kern/kernels/0/variance': array(2952.85272054), 'GPR/kern/kernels/1/variance': array(0.0102311), 'GPR/mean_function/b': array([[ 0.7675394 , -6.44488407, -0.87218652,  7.48981566, 26.91798495]]), 'GPR/kern/kernels/0/lengthscales': array([   1.85216589,    2.31217366,    1.67433538, 1191.70729562,
       1598.35934811]), 'GPR/kern/kernels/1/weight_variances': array([1.10100353e+00, 1.05660223e+03, 1.00000000e-06, 1.00000000e-06,
       1.00000000e-06]), 'GPR/mean_function/A': array([[ 4.76050869e+00,  5.24129870e-01, -5.53830654e+00,
        -5.19403727e-02,  1.74585398e+01],
       [ 3.12857366e-01,  6.73485958e+00, -1.16593275e+00,
        -5.07655433e+00,  9.73928115e+00],
       [-4.25251400e+00, -2.40486899e+00,  6.34618553e+00,
         1.67568496e+00, -3.52146123e+01],
       [ 3.18953767e-02, -1.70920601e+00,  3.30598717e-01,
         8.62438494e-01, -5.56729747e+00],
       [-3.36101866e-01,  3.68804873e-01,  6.19119991e-01,
        -9.35817748e-03, -4.18232317e+00]])}
#### N=300:  
{'GPR/mean_function/b': array([[  -4.14703445,  -31.23380791,    3.26341425,   28.55072679,
        -131.28461695]]), 'GPR/kern/kernels/1/variance': array(1.e-06), 'GPR/mean_function/A': array([[ 1.67529331e+01, -3.16972825e+00, -1.81619791e+01,
         5.32853990e+00,  6.51100562e+01],
       [ 8.13215404e-01,  1.74685143e+01, -1.13754437e+00,
        -1.40122521e+01,  5.03022526e+01],
       [-1.46898340e+01, -1.28160311e+00,  2.01455978e+01,
         3.85965453e-02, -1.06544592e+02],
       [ 4.10542930e-01, -3.62991173e+00, -4.07189688e-01,
         2.37855124e+00,  1.81419160e+00],
       [ 2.00988192e+00,  1.01600228e+00, -2.97606367e+00,
        -5.91468307e-01,  1.79205511e+01]]), 'GPR/kern/kernels/1/bias_variance': array(1.e-06), 'GPR/kern/kernels/0/variance': array(6187.32157505), 'GPR/kern/kernels/1/weight_variances': array([1.00000000e-06, 5.59369732e+02, 1.00000000e-06, 1.00000000e-06,
       1.00000000e-06]), 'GPR/kern/kernels/0/lengthscales': array([1.45415442e+00, 1.56797599e+00, 2.05464220e+00, 3.31214631e+03,
       2.00904631e+03])}
#### N=400:  
{'GPR/mean_function/b': array([[  -0.31424198, -173.72480132,  105.02628712,  256.17463857,
        -282.90627393]]), 'GPR/kern/kernels/0/variance': array(19742.96647341), 'GPR/kern/kernels/0/lengthscales': array([1.63068280e+00, 1.88755306e+00, 2.10515788e+00, 8.61031233e+03,
       5.84448426e+03]), 'GPR/kern/kernels/1/weight_variances': array([1.00000000e-06, 3.52057205e+03, 1.00000000e-06, 1.00000000e-06,
       1.00000000e-06]), 'GPR/mean_function/A': array([[ 12.18418209,   5.98967777, -50.82031445,  -8.96326174,
         -1.51173752],
       [  3.22382661,  23.8362076 , -14.58110659, -38.38906221,
         40.44954221],
       [ -7.66329324,  28.19222684,  37.72998262, -23.10569957,
        -55.87839419],
       [  0.6310552 ,  -1.22137196,  -1.56094405,  -0.20217276,
         14.10604101],
       [  1.97922571,  -0.36202885,  -2.54750719,   0.5472326 ,
          7.70643284]]), 'GPR/kern/kernels/1/variance': array(1.e-06), 'GPR/kern/kernels/1/bias_variance': array(1.e-06)}
#### N=500:  
{'GPR/kern/kernels/0/lengthscales': array([1.60474057e+00, 1.87021772e+00, 2.34817825e+00, 9.22799432e+03,
       6.69023286e+03]), 'GPR/kern/kernels/1/weight_variances': array([1.e-06, 1.e-06, 1.e-06, 1.e-06, 1.e-06]), 'GPR/mean_function/b': array([[  -9.97579532, -278.67321639,   72.09657564,  313.8685063 ,
        -199.98495824]]), 'GPR/kern/kernels/0/variance': array(25202.42141503), 'GPR/kern/kernels/1/bias_variance': array(1.e-06), 'GPR/kern/kernels/1/variance': array(1.e-06), 'GPR/mean_function/A': array([[   2.95763902,  -14.50997159,  -33.00492785,  -10.13795077,
          22.90518221],
       [ -25.06684631,   34.67818652,   -4.27820701,  -57.66574304,
          47.47914017],
       [ -33.87742147,  -20.50942572,   22.9218556 ,   -6.28291781,
        -115.00586617],
       [   1.0242062 ,    1.7487229 ,   -1.09229191,   -1.89862137,
           6.84838813],
       [   2.33015352,    0.2616429 ,   -2.72320405,    0.71351293,
          13.36769771]])}
#### N=1000:  
{'GPR/mean_function/b': array([[ -10.56219201, -231.72961327,   67.03406612,  293.425316  ,
         208.02025863]]), 'GPR/kern/kernels/1/weight_variances': array([1.0000000e-06, 3.4123377e+03, 1.0000000e-06, 1.0000000e-06,
       1.0000000e-06]), 'GPR/kern/kernels/0/lengthscales': array([1.59434970e+00, 1.67541974e+00, 1.59310084e+00, 1.16140840e+04,
       1.11196717e+04]), 'GPR/kern/kernels/1/variance': array(1.e-06), 'GPR/kern/kernels/0/variance': array(38460.00978038), 'GPR/kern/kernels/1/bias_variance': array(1.e-06), 'GPR/mean_function/A': array([[   1.83805475,   -3.8283178 ,  -19.32640269,   -1.26958924,
          25.62625018],
       [   1.88385477,   70.45797513,   -9.60674116,  -66.87404623,
          42.34514966],
       [   7.28089305,   -8.84300722,    9.56350833,    1.52878846,
        -198.91121104],
       [   0.22257576,    2.8768255 ,   -0.30468818,   -4.030339  ,
          -2.77575226],
       [   0.85611309,    1.32593933,   -0.51835561,   -0.71603213,
           5.92688209]])}
#### N=100:  
{'GPR/kern/kernels/0/lengthscales': array([  0.97755267,   1.19330376, 357.02716338, 168.10087886,
       305.38723777]), 'GPR/kern/kernels/0/variance': array(6.01650002), 'GPR/mean_function/A': array([[  4.24182164,   0.89456956,  -5.16876152,  -0.48756635,
         22.23185484],
       [ -0.53592991,   2.53145614,   0.81283576,  -1.47182086,
         -4.29555304],
       [ -5.43917795,  -1.19056235,   7.34459543,   0.67096084,
        -35.95413375],
       [  0.09555252,  -1.65935882,  -0.15364686,   0.94613176,
          1.03816677],
       [  1.82223391,   0.22334237,  -2.49216433,  -0.10335196,
         12.17412231]]), 'GPR/mean_function/b': array([[0.64171475, 0.21500283, 0.89377472, 1.39883074, 4.72984776]]), 'GPR/kern/kernels/1/variance': array(18.88936257), 'GPR/kern/kernels/1/bias_variance': array(1.0002144e-06), 'GPR/kern/kernels/1/weight_variances': array([9.68326535e-03, 7.45289801e+00, 1.00000000e-06, 5.47222471e-01,
       1.00000000e-06])}
#### N=200:  
{'GPR/kern/kernels/1/bias_variance': array(0.2573434), 'GPR/kern/kernels/0/variance': array(2952.85272054), 'GPR/mean_function/b': array([[ 0.7675394 , -6.44488407, -0.87218652,  7.48981566, 26.91798495]]), 'GPR/kern/kernels/0/lengthscales': array([   1.85216589,    2.31217366,    1.67433538, 1191.70729562,
       1598.35934811]), 'GPR/mean_function/A': array([[ 4.76050869e+00,  5.24129870e-01, -5.53830654e+00,
        -5.19403727e-02,  1.74585398e+01],
       [ 3.12857366e-01,  6.73485958e+00, -1.16593275e+00,
        -5.07655433e+00,  9.73928115e+00],
       [-4.25251400e+00, -2.40486899e+00,  6.34618553e+00,
         1.67568496e+00, -3.52146123e+01],
       [ 3.18953767e-02, -1.70920601e+00,  3.30598717e-01,
         8.62438494e-01, -5.56729747e+00],
       [-3.36101866e-01,  3.68804873e-01,  6.19119991e-01,
        -9.35817748e-03, -4.18232317e+00]]), 'GPR/kern/kernels/1/variance': array(0.0102311), 'GPR/kern/kernels/1/weight_variances': array([1.10100353e+00, 1.05660223e+03, 1.00000000e-06, 1.00000000e-06,
       1.00000000e-06])}
#### N=300:  
{'GPR/kern/kernels/0/lengthscales': array([1.45415442e+00, 1.56797599e+00, 2.05464220e+00, 3.31214631e+03,
       2.00904631e+03]), 'GPR/kern/kernels/1/weight_variances': array([1.00000000e-06, 5.59369732e+02, 1.00000000e-06, 1.00000000e-06,
       1.00000000e-06]), 'GPR/mean_function/b': array([[  -4.14703445,  -31.23380791,    3.26341425,   28.55072679,
        -131.28461695]]), 'GPR/mean_function/A': array([[ 1.67529331e+01, -3.16972825e+00, -1.81619791e+01,
         5.32853990e+00,  6.51100562e+01],
       [ 8.13215404e-01,  1.74685143e+01, -1.13754437e+00,
        -1.40122521e+01,  5.03022526e+01],
       [-1.46898340e+01, -1.28160311e+00,  2.01455978e+01,
         3.85965453e-02, -1.06544592e+02],
       [ 4.10542930e-01, -3.62991173e+00, -4.07189688e-01,
         2.37855124e+00,  1.81419160e+00],
       [ 2.00988192e+00,  1.01600228e+00, -2.97606367e+00,
        -5.91468307e-01,  1.79205511e+01]]), 'GPR/kern/kernels/0/variance': array(6187.32157505), 'GPR/kern/kernels/1/variance': array(1.e-06), 'GPR/kern/kernels/1/bias_variance': array(1.e-06)}
#### N=400:  
{'GPR/kern/kernels/0/variance': array(19742.96647341), 'GPR/kern/kernels/1/variance': array(1.e-06), 'GPR/kern/kernels/0/lengthscales': array([1.63068280e+00, 1.88755306e+00, 2.10515788e+00, 8.61031233e+03,
       5.84448426e+03]), 'GPR/mean_function/b': array([[  -0.31424198, -173.72480132,  105.02628712,  256.17463857,
        -282.90627393]]), 'GPR/kern/kernels/1/weight_variances': array([1.00000000e-06, 3.52057205e+03, 1.00000000e-06, 1.00000000e-06,
       1.00000000e-06]), 'GPR/kern/kernels/1/bias_variance': array(1.e-06), 'GPR/mean_function/A': array([[ 12.18418209,   5.98967777, -50.82031445,  -8.96326174,
         -1.51173752],
       [  3.22382661,  23.8362076 , -14.58110659, -38.38906221,
         40.44954221],
       [ -7.66329324,  28.19222684,  37.72998262, -23.10569957,
        -55.87839419],
       [  0.6310552 ,  -1.22137196,  -1.56094405,  -0.20217276,
         14.10604101],
       [  1.97922571,  -0.36202885,  -2.54750719,   0.5472326 ,
          7.70643284]])}
#### N=500:  
{'GPR/mean_function/b': array([[  -9.97579532, -278.67321639,   72.09657564,  313.8685063 ,
        -199.98495824]]), 'GPR/mean_function/A': array([[   2.95763902,  -14.50997159,  -33.00492785,  -10.13795077,
          22.90518221],
       [ -25.06684631,   34.67818652,   -4.27820701,  -57.66574304,
          47.47914017],
       [ -33.87742147,  -20.50942572,   22.9218556 ,   -6.28291781,
        -115.00586617],
       [   1.0242062 ,    1.7487229 ,   -1.09229191,   -1.89862137,
           6.84838813],
       [   2.33015352,    0.2616429 ,   -2.72320405,    0.71351293,
          13.36769771]]), 'GPR/kern/kernels/1/variance': array(1.e-06), 'GPR/kern/kernels/0/variance': array(25202.42141503), 'GPR/kern/kernels/0/lengthscales': array([1.60474057e+00, 1.87021772e+00, 2.34817825e+00, 9.22799432e+03,
       6.69023286e+03]), 'GPR/kern/kernels/1/bias_variance': array(1.e-06), 'GPR/kern/kernels/1/weight_variances': array([1.e-06, 1.e-06, 1.e-06, 1.e-06, 1.e-06])}
#### N=1000:  
{'GPR/mean_function/A': array([[   1.83805475,   -3.8283178 ,  -19.32640269,   -1.26958924,
          25.62625018],
       [   1.88385477,   70.45797513,   -9.60674116,  -66.87404623,
          42.34514966],
       [   7.28089305,   -8.84300722,    9.56350833,    1.52878846,
        -198.91121104],
       [   0.22257576,    2.8768255 ,   -0.30468818,   -4.030339  ,
          -2.77575226],
       [   0.85611309,    1.32593933,   -0.51835561,   -0.71603213,
           5.92688209]]), 'GPR/mean_function/b': array([[ -10.56219201, -231.72961327,   67.03406612,  293.425316  ,
         208.02025863]]), 'GPR/kern/kernels/0/variance': array(38460.00978038), 'GPR/kern/kernels/1/bias_variance': array(1.e-06), 'GPR/kern/kernels/1/weight_variances': array([1.0000000e-06, 3.4123377e+03, 1.0000000e-06, 1.0000000e-06,
       1.0000000e-06]), 'GPR/kern/kernels/0/lengthscales': array([1.59434970e+00, 1.67541974e+00, 1.59310084e+00, 1.16140840e+04,
       1.11196717e+04]), 'GPR/kern/kernels/1/variance': array(1.e-06)}
#### N=2000:  
{'GPR/kern/kernels/1/weight_variances': array([1.00000000e-06, 1.00000000e-06, 1.13042126e+03, 1.00000000e-06,
       1.00000000e-06]), 'GPR/kern/kernels/0/variance': array(25305.25622175), 'GPR/mean_function/b': array([[  -3.51657786, -126.44609532,   77.65216502,  190.03869129,
          20.10247852]]), 'GPR/mean_function/A': array([[-1.49511753e+01,  3.97643264e+01,  1.56971492e+01,
        -2.53550007e+01, -8.63020491e+00],
       [ 2.01574086e+01,  6.54371948e+01, -5.71159497e+00,
        -4.12474640e+01,  9.14227400e+00],
       [ 6.40733381e+01,  1.10439059e+01, -2.98380151e+01,
         1.04975121e+01,  8.03532912e+00],
       [-1.13537675e+00, -1.73086988e-02,  1.09270445e+00,
        -5.53796164e-01, -2.12445523e+00],
       [-2.45430250e-01,  8.70067214e-01, -9.45646904e-03,
        -9.26125672e-01,  2.79282956e+00]]), 'GPR/kern/kernels/1/variance': array(1.e-06), 'GPR/kern/kernels/1/bias_variance': array(1.e-06), 'GPR/kern/kernels/0/lengthscales': array([1.47378511e+00, 1.50599195e+00, 1.32207614e+00, 6.41260554e+03,
       7.04168750e+03])}
#### N=3000:  
{'GPR/kern/kernels/1/weight_variances': array([1.00000000e-06, 1.00000000e-06, 5.44481764e+02, 1.00000000e-06,
       1.00000000e-06]), 'GPR/kern/kernels/1/variance': array(1.e-06), 'GPR/mean_function/A': array([[ 4.07742383e+01, -1.60348430e+01, -6.04573948e+01,
         3.64296257e+00,  2.30360829e+02],
       [-1.45440089e+01,  1.70055016e+01,  1.01699820e+00,
        -2.21476194e+01, -4.02115366e+00],
       [-3.89306951e+01, -2.07777186e+01,  3.93857768e+01,
         5.71412098e+00, -2.30419934e+02],
       [-2.53410446e-01, -6.58093220e-01,  4.33527037e-01,
         5.20384036e-01, -2.06213465e+00],
       [ 3.69041796e-01,  4.42687370e-01, -4.69991664e-01,
        -1.92319611e-01,  2.89939865e+00]]), 'GPR/kern/kernels/0/variance': array(7405.858922), 'GPR/mean_function/b': array([[  3.61657202, -14.95487094,  29.52566343,  44.07557438,
         59.40822428]]), 'GPR/kern/kernels/0/lengthscales': array([1.25821725e+00, 1.27513845e+00, 1.19273091e+00, 1.65271051e+03,
       2.00967916e+03]), 'GPR/kern/kernels/1/bias_variance': array(1.e-06)}
