#### N=1000:  
{'GPR/kern/variance': array(33422.20430442), 'GPR/kern/lengthscales': array([1.56639614e+00, 1.60334034e+00, 1.53603805e+00, 1.38614838e+04]), 'GPR/mean_function/A': array([[ -54.83447995,    5.24840705,  -40.62428534,  -61.25374062,
          37.38674032],
       [ -39.74968193,   34.01571976,  -31.36037054,  -84.34348875,
          -9.12082581],
       [  46.83405891,   29.25789203,   -5.64021209,  -14.92842643,
        -113.50483463],
       [   2.01195005,    4.87640838,    0.27891713,   -4.55832859,
          -3.29624477]]), 'GPR/mean_function/b': array([[  56.98944988, -218.55451165,  336.82709986,  560.60941512,
         147.97773037]])}
