100  2.000066e+02  1.605565e+00  9.609001e-01  1.413784e+00  9.441449e+01  -1.395081e-11  -1.655110e-11  6.291501e-12  2.465042e-11  6.434727e-11  2.385207e-01  -1.781256e+00  6.267078e-01  2.319852e+00  -4.288778e-01  2.924515e+00  2.622738e-01  -3.383165e+00  -5.342002e-02  1.197212e+01  -2.782610e-02  2.946467e+00  -1.301614e-01  -1.978919e+00  2.905812e+00  -2.836976e+00  3.125651e-01  4.185174e+00  -2.314281e-01  -2.358737e+01  3.211880e-01  -4.792078e-01  -4.408224e-01  3.654092e-02  3.320798e+00  2.385207e-01  -1.781256e+00  6.267078e-01  2.319852e+00  -4.288778e-01
200  4.139298e+03  1.451835e+00  1.674297e+00  1.964768e+00  2.688284e+03  -4.377581e-10  1.871627e-09  1.697590e-10  -1.912932e-09  4.681740e-09  -4.559432e-02  -4.920903e+00  3.287136e+00  7.639685e+00  -3.339079e+01  4.302722e+00  -5.161436e+00  -8.185042e+00  2.683383e+00  1.206678e+01  -8.229024e-01  1.122696e+01  -8.164411e-01  -8.688056e+00  3.900321e+01  -4.230459e+00  4.403227e-01  8.725539e+00  1.879713e-01  -4.615155e+01  9.385866e-01  -3.603297e+00  -8.998145e-01  2.472264e+00  -9.656258e-01  -4.559432e-02  -4.920903e+00  3.287136e+00  7.639685e+00  -3.339079e+01
400  3.986521e+04  1.785185e+00  2.114703e+00  2.105835e+00  1.806162e+04  -4.162622e-09  2.029534e-08  3.366867e-09  -1.751632e-08  5.863936e-08  -3.662308e+01  -8.355234e+01  -2.713604e+01  1.653146e+01  -3.983044e+02  4.227588e+01  6.473268e+00  -7.529790e+00  1.937208e+01  8.377547e+01  4.214130e+00  1.422490e+01  6.511765e+00  -7.616911e+00  9.114543e+01  -3.569761e+01  5.173320e+00  1.091219e+01  -2.735273e+01  -1.110289e+02  1.663531e+00  -1.347862e+00  -5.636641e-01  2.383768e+00  2.325340e+01  -3.662308e+01  -8.355234e+01  -2.713604e+01  1.653146e+01  -3.983044e+02
800  3.267423e+04  1.640590e+00  1.591915e+00  1.601400e+00  1.484251e+04  -6.587456e-10  1.236321e-08  -4.560369e-10  -1.120769e-08  2.604729e-08  -4.545446e+01  -1.772002e+02  4.090566e+00  1.445968e+02  5.607797e+01  -7.729672e+01  3.183707e+01  1.206136e+00  -5.788136e+01  5.209245e+01  6.378012e+00  4.706535e+01  -9.211401e-01  -4.553126e+01  1.339436e+01  5.175723e+01  2.259611e+01  1.346757e+01  1.459102e+01  -9.139202e+01  1.533731e+00  2.952695e+00  -1.337719e-02  -4.345610e+00  -4.834589e+00  -4.545446e+01  -1.772002e+02  4.090566e+00  1.445968e+02  5.607797e+01
1600  2.525306e+04  1.468202e+00  1.551018e+00  1.413722e+00  7.677830e+03  2.601338e-09  -1.561114e-09  -4.339977e-09  1.171534e-09  5.988585e-09  -1.874749e+01  -1.248069e+02  -7.218491e+00  9.809076e+01  -1.752698e+01  -3.236062e+01  8.027730e+00  1.810752e+00  -1.991268e+01  -6.033956e+01  5.793600e+01  4.130073e+01  -3.014148e+01  -3.651817e+01  5.914793e+01  5.017791e+01  3.315451e+00  1.829800e+01  4.019619e+01  -6.715876e+01  -7.790094e-01  -1.280838e+00  1.110223e+00  7.969767e-01  -6.207842e+00  -1.874749e+01  -1.248069e+02  -7.218491e+00  9.809076e+01  -1.752698e+01
3200  3.959531e+04  1.357687e+00  1.464495e+00  1.408654e+00  1.062316e+04  3.576280e-09  4.962290e-10  -5.306340e-09  -1.105845e-09  7.993841e-09  4.399353e+00  -1.435650e+02  7.692446e+01  2.247585e+02  2.028955e+02  -4.549844e+01  -1.389804e+01  -7.180992e+01  -6.709022e+01  1.900457e+02  -6.807215e+01  3.091854e+01  -1.325804e+01  -1.047576e+02  -1.662121e+02  -4.067063e+01  3.566900e+01  3.066149e+01  -4.189354e+01  -1.773653e+02  -7.961541e-01  -1.307914e+00  1.126738e+00  8.027853e-01  -6.296619e+00  4.399353e+00  -1.435650e+02  7.692446e+01  2.247585e+02  2.028955e+02
#### N=100:  
{'GPR/kern/lengthscales': array([ 1.75152637,  1.08722903,  1.37370319,  3.23219803, 82.36329092]), 'GPR/mean_function/b': array([[  0.21290474,  -3.64677383,   2.10283736,   5.11926248,
        -10.08521895]]), 'GPR/kern/variance': array(203.29481667), 'GPR/mean_function/A': array([[ 4.25630537e+00,  1.20023484e+00, -5.01590653e+00,
        -7.69354842e-01,  1.87933335e+01],
       [ 2.12896494e-01,  3.82867607e+00, -6.87299429e-01,
        -2.71480988e+00,  7.63129668e+00],
       [-5.75124355e+00, -2.11498282e+00,  7.86213305e+00,
         1.56331087e+00, -4.12293999e+01],
       [-3.43630729e-02, -1.52992564e+00,  9.68212313e-02,
         7.50696240e-01,  5.35478006e-01],
       [ 1.55485599e+00,  1.03688670e+00, -2.14209479e+00,
        -8.34078872e-01,  1.26483115e+01]])}
#### N=200:  
{'GPR/mean_function/b': array([[ -1.34567465, -10.80814949,  10.05674867,  17.41250472,
        -72.54091217]]), 'GPR/mean_function/A': array([[ 5.55751219e+00, -3.16325353e-02, -8.95338618e+00,
         1.75944255e-01,  3.89610114e+01],
       [-2.51445193e-01,  9.16805170e+00, -2.61542368e+00,
        -8.95324950e+00,  4.05114054e+01],
       [-7.31912359e+00, -4.57791827e+00,  1.24590762e+01,
         4.07626366e+00, -8.21027256e+01],
       [ 7.87351579e-01, -4.07989722e+00, -6.53411716e-01,
         2.77486702e+00, -4.52970109e+00],
       [ 6.41445332e-01,  2.25473192e+00, -1.33905526e+00,
        -1.82295861e+00,  1.40635540e+01]]), 'GPR/kern/variance': array(4002.80839939), 'GPR/kern/lengthscales': array([1.42743481e+00, 1.60128347e+00, 2.12917654e+00, 2.61111913e+03,
       1.87660560e+03])}
#### N=300:  
{'GPR/mean_function/A': array([[  -2.77945181,  -16.70042432,  -26.38222616,    1.89414131,
          93.76439199],
       [ -10.14767987,   28.03530413,   -2.14311472,  -32.96088858,
          67.94612728],
       [  -2.46471287,   -8.61567284,   15.92390352,    4.94890931,
        -159.68171544],
       [   0.38477513,   -3.48191781,   -1.00232573,    1.89626513,
           4.1577064 ],
       [   1.64192204,    1.12208118,   -2.47227945,   -0.57693349,
          17.0806727 ]]), 'GPR/kern/variance': array(27512.56583714), 'GPR/kern/lengthscales': array([1.64736336e+00, 1.92608518e+00, 2.47980961e+00, 1.58977511e+04,
       1.38042649e+04]), 'GPR/mean_function/b': array([[  17.54082103,  -34.80795983,   60.53071969,   97.73853986,
        -225.97450948]])}
#### N=400:  
{'GPR/kern/variance': array(29447.23085673), 'GPR/mean_function/b': array([[   4.49263285, -271.6906551 ,  170.01485223,  405.15086764,
        -518.94210648]]), 'GPR/kern/lengthscales': array([1.69718700e+00, 1.98098061e+00, 2.24632571e+00, 1.35493059e+04,
       1.08370126e+04]), 'GPR/mean_function/A': array([[-6.03008404e+00, -3.94195112e-01, -3.58508999e+01,
        -2.59570166e+01,  2.55898746e+01],
       [-2.04451972e+00,  4.54135326e+01, -1.92675728e+01,
        -6.05990351e+01,  9.57260383e+01],
       [ 2.28855526e+00,  7.66424899e+00,  2.18007922e+01,
        -1.54018423e+00, -8.15319171e+01],
       [ 3.31621632e-01, -8.55945592e-01, -2.28635137e+00,
        -7.00342390e-01,  1.64669788e+01],
       [ 1.82130226e+00,  1.58186464e-01, -2.44681363e+00,
         9.05850196e-02,  7.87562202e+00]])}
#### N=500:  
{'GPR/mean_function/b': array([[  11.62710535, -182.15179914,   73.2319678 ,  244.59331011,
        -132.3815107 ]]), 'GPR/kern/variance': array(16454.02389599), 'GPR/mean_function/A': array([[  6.18561351,  10.15820316, -19.29270308, -15.05351035,
        -14.60104945],
       [  5.68157186,  37.52843413, -12.71342049, -41.21579889,
         36.82884624],
       [  1.88350503,   9.22587331,  14.0964878 ,  -4.04598122,
        -84.30464394],
       [ -0.23281513,   0.31330009,  -0.93032381,  -1.70012967,
          5.92423455],
       [  1.73689196,  -0.78386651,  -2.66622489,   0.58888719,
         12.55560259]]), 'GPR/kern/lengthscales': array([1.54929326e+00, 1.76949288e+00, 2.15392560e+00, 6.27855046e+03,
       6.09758921e+03])}
#### N=1000:  
{'GPR/kern/variance': array(24711.85700978), 'GPR/mean_function/b': array([[   2.40579219, -196.29145138,  134.17746934,  323.42446493,
         154.30763149]]), 'GPR/mean_function/A': array([[-8.34124705e+01, -2.34694883e+01,  4.22536285e-02,
        -3.72608788e+01, -2.03972953e+01],
       [-2.34599975e+01,  3.75510653e+01, -9.53432154e+00,
        -5.81763222e+01,  8.70220027e+00],
       [ 5.09819394e+01, -1.81000893e+01, -2.16601478e+01,
         1.82426500e+01, -8.27294832e+01],
       [ 3.05329729e+00,  4.64550248e+00, -2.34398744e+00,
        -5.67775818e+00, -3.48165526e+00],
       [-4.90481518e-02,  1.34752978e+00, -1.66643108e-01,
        -1.04871479e+00,  5.07225297e+00]]), 'GPR/kern/lengthscales': array([1.51061394e+00, 1.56633696e+00, 1.46197681e+00, 1.02378540e+04,
       9.04373500e+03])}
#### N=2000:  
{'GPR/kern/variance': array(31720.74184959), 'GPR/kern/lengthscales': array([1.49840873e+00, 1.54598874e+00, 1.36104261e+00, 9.30524351e+03,
       9.49955601e+03]), 'GPR/mean_function/A': array([[-69.57811838,  21.80978359, -10.92792586, -77.80164853,
          7.01399788],
       [-21.16335924,  52.54244998,  -6.90066836, -63.86142233,
        -16.10186877],
       [ 84.71967532, -27.11777584, -42.48525233,  40.56721736,
         -5.71206384],
       [ -1.64808403,  -0.26377359,   1.50629007,  -0.3912302 ,
         -1.23439848],
       [ -0.59786144,   0.70412998,   0.27291246,  -0.81824296,
          3.4053006 ]]), 'GPR/mean_function/b': array([[  21.46581089, -206.41521131,  198.25595753,  393.10522652,
           8.58344039]])}
#### N=3000:  
{'GPR/mean_function/A': array([[ 5.18823959e+01,  1.66016831e+01, -6.98713287e+01,
        -7.30641770e+00,  3.10324954e+02],
       [ 6.28457357e+00,  6.37393404e+00, -3.57547198e+01,
        -4.16783525e+01, -2.83199904e+01],
       [-4.69593329e+01,  1.32819804e+01,  6.36314394e+01,
        -8.28372604e+00, -3.05600295e+02],
       [-2.74082576e-01, -6.63322810e-01,  4.17397518e-01,
         4.97400458e-01, -1.97852253e+00],
       [ 3.58246084e-01,  4.34076997e-01, -4.86568929e-01,
        -2.07043989e-01,  2.94610543e+00]]), 'GPR/kern/lengthscales': array([1.33862141e+00, 1.38047359e+00, 1.30378016e+00, 4.53858289e+03,
       4.77483070e+03]), 'GPR/mean_function/b': array([[ 41.14421569, -75.75472305, 114.32501574, 213.3681736 ,
        142.43835449]]), 'GPR/kern/variance': array(14966.42456293)}
#### N=100:  
{'GPR/kern/lengthscales': array([ 1.75152637,  1.08722903,  1.37370319,  3.23219803, 82.36329092]), 'GPR/mean_function/A': array([[ 4.25630537e+00,  1.20023484e+00, -5.01590653e+00,
        -7.69354842e-01,  1.87933335e+01],
       [ 2.12896494e-01,  3.82867607e+00, -6.87299429e-01,
        -2.71480988e+00,  7.63129668e+00],
       [-5.75124355e+00, -2.11498282e+00,  7.86213305e+00,
         1.56331087e+00, -4.12293999e+01],
       [-3.43630729e-02, -1.52992564e+00,  9.68212313e-02,
         7.50696240e-01,  5.35478006e-01],
       [ 1.55485599e+00,  1.03688670e+00, -2.14209479e+00,
        -8.34078872e-01,  1.26483115e+01]]), 'GPR/mean_function/b': array([[  0.21290474,  -3.64677383,   2.10283736,   5.11926248,
        -10.08521895]]), 'GPR/kern/variance': array(203.29481667)}
#### N=200:  
{'GPR/kern/variance': array(4002.80839939), 'GPR/mean_function/b': array([[ -1.34567465, -10.80814949,  10.05674867,  17.41250472,
        -72.54091217]]), 'GPR/kern/lengthscales': array([1.42743481e+00, 1.60128347e+00, 2.12917654e+00, 2.61111913e+03,
       1.87660560e+03]), 'GPR/mean_function/A': array([[ 5.55751219e+00, -3.16325353e-02, -8.95338618e+00,
         1.75944255e-01,  3.89610114e+01],
       [-2.51445193e-01,  9.16805170e+00, -2.61542368e+00,
        -8.95324950e+00,  4.05114054e+01],
       [-7.31912359e+00, -4.57791827e+00,  1.24590762e+01,
         4.07626366e+00, -8.21027256e+01],
       [ 7.87351579e-01, -4.07989722e+00, -6.53411716e-01,
         2.77486702e+00, -4.52970109e+00],
       [ 6.41445332e-01,  2.25473192e+00, -1.33905526e+00,
        -1.82295861e+00,  1.40635540e+01]])}
#### N=300:  
{'GPR/mean_function/A': array([[  -2.77945181,  -16.70042432,  -26.38222616,    1.89414131,
          93.76439199],
       [ -10.14767987,   28.03530413,   -2.14311472,  -32.96088858,
          67.94612728],
       [  -2.46471287,   -8.61567284,   15.92390352,    4.94890931,
        -159.68171544],
       [   0.38477513,   -3.48191781,   -1.00232573,    1.89626513,
           4.1577064 ],
       [   1.64192204,    1.12208118,   -2.47227945,   -0.57693349,
          17.0806727 ]]), 'GPR/kern/lengthscales': array([1.64736336e+00, 1.92608518e+00, 2.47980961e+00, 1.58977511e+04,
       1.38042649e+04]), 'GPR/mean_function/b': array([[  17.54082103,  -34.80795983,   60.53071969,   97.73853986,
        -225.97450948]]), 'GPR/kern/variance': array(27512.56583714)}
#### N=400:  
{'GPR/mean_function/b': array([[   4.49263285, -271.6906551 ,  170.01485223,  405.15086764,
        -518.94210648]]), 'GPR/kern/lengthscales': array([1.69718700e+00, 1.98098061e+00, 2.24632571e+00, 1.35493059e+04,
       1.08370126e+04]), 'GPR/kern/variance': array(29447.23085673), 'GPR/mean_function/A': array([[-6.03008404e+00, -3.94195112e-01, -3.58508999e+01,
        -2.59570166e+01,  2.55898746e+01],
       [-2.04451972e+00,  4.54135326e+01, -1.92675728e+01,
        -6.05990351e+01,  9.57260383e+01],
       [ 2.28855526e+00,  7.66424899e+00,  2.18007922e+01,
        -1.54018423e+00, -8.15319171e+01],
       [ 3.31621632e-01, -8.55945592e-01, -2.28635137e+00,
        -7.00342390e-01,  1.64669788e+01],
       [ 1.82130226e+00,  1.58186464e-01, -2.44681363e+00,
         9.05850196e-02,  7.87562202e+00]])}
#### N=500:  
{'GPR/kern/lengthscales': array([1.54929326e+00, 1.76949288e+00, 2.15392560e+00, 6.27855046e+03,
       6.09758921e+03]), 'GPR/mean_function/b': array([[  11.62710535, -182.15179914,   73.2319678 ,  244.59331011,
        -132.3815107 ]]), 'GPR/kern/variance': array(16454.02389599), 'GPR/mean_function/A': array([[  6.18561351,  10.15820316, -19.29270308, -15.05351035,
        -14.60104945],
       [  5.68157186,  37.52843413, -12.71342049, -41.21579889,
         36.82884624],
       [  1.88350503,   9.22587331,  14.0964878 ,  -4.04598122,
        -84.30464394],
       [ -0.23281513,   0.31330009,  -0.93032381,  -1.70012967,
          5.92423455],
       [  1.73689196,  -0.78386651,  -2.66622489,   0.58888719,
         12.55560259]])}
#### N=100:  
{'GPR/mean_function/A': array([[ 3.89614384e+00,  1.33331930e-01, -4.52634194e+00,
        -9.14641872e-02,  1.79911724e+01],
       [-1.58331416e-01,  2.64251872e+00,  1.59511096e-01,
        -1.45119067e+00, -6.46759959e-02],
       [-5.24646645e+00, -1.92750902e-01,  6.73119864e+00,
         1.36082719e-01, -2.97562025e+01],
       [ 8.03407762e-02, -1.98325424e+00, -2.50045726e-02,
         1.12263550e+00, -8.65409751e-01],
       [ 2.08478746e+00,  1.83029035e-03, -2.75242429e+00,
        -2.48325910e-02,  1.23804696e+01]]), 'GPR/mean_function/b': array([[0.34778583, 0.41464905, 1.37708201, 1.21252223, 1.86202242]]), 'GPR/kern/variance': array(0.6952022), 'GPR/kern/lengthscales': array([2.67769627e-01, 6.93682741e-01, 2.98077435e+04, 1.07087555e+04,
       1.02364200e+04])}
#### N=200:  
{'GPR/kern/lengthscales': array([1.59701569e+00, 1.84184183e+00, 2.13874832e+00, 6.54884556e+03,
       3.70618351e+03]), 'GPR/mean_function/A': array([[ 17.08109479,  15.65341724, -17.07044861, -13.14668366,
         59.15643778],
       [  0.55301126,  11.78730902,   6.31536296,  -4.85419423,
        -13.19046297],
       [-14.89429763, -12.75726976,  20.76868986,  13.47274939,
        -89.45169779],
       [  0.30415419,  -4.12593992,   0.34428821,   4.109221  ,
          1.57621232],
       [  2.07213541,   1.83293736,  -2.62917044,  -2.164096  ,
         10.3038295 ]]), 'GPR/kern/variance': array(12137.81444944), 'GPR/mean_function/b': array([[-14.30490232, -26.25724332, -35.77894302, -15.20202448,
         87.29369463]])}
#### N=300:  
{'GPR/mean_function/b': array([[ -35.9692176 ,  -72.70711334, -129.83350068,  -60.73823092,
         283.43215057]]), 'GPR/kern/variance': array(12128.11329731), 'GPR/mean_function/A': array([[  -2.82949675,   18.08199089,    2.92520038,  -10.52553643,
          48.43883726],
       [  11.40957882,   19.65208362,   20.0222943 ,    6.20312232,
         -35.6722156 ],
       [   9.23718803,   -6.17962452,   19.92999966,   22.49629696,
        -115.14895604],
       [   0.3160327 ,   -2.99552391,    2.649521  ,    4.41094774,
         -11.35080358],
       [   1.80348235,    0.23882736,   -3.29686717,   -1.19561602,
           6.231143  ]]), 'GPR/kern/lengthscales': array([1.47564605e+00, 1.85229607e+00, 1.78576758e+00, 5.92726080e+03,
       4.59048885e+03])}
#### N=400:  
{'GPR/kern/variance': array(22085.57018338), 'GPR/kern/lengthscales': array([1.50493405e+00, 1.84206263e+00, 1.97302947e+00, 7.51552898e+03,
       6.57420537e+03]), 'GPR/mean_function/b': array([[-138.91973931, -238.185815  ,   76.48771498,  164.85138112,
         -45.56988088]]), 'GPR/mean_function/A': array([[ 1.41183910e+01,  3.78347275e+01, -1.63548272e+01,
        -2.59080028e+01,  6.83837435e+01],
       [ 1.69787261e+01,  4.85177500e+01, -7.16787259e+00,
        -3.61208866e+01, -1.07720571e+01],
       [-1.90634569e+01,  1.18561964e+01,  2.84874703e+01,
        -3.92185112e+00, -1.45859111e+02],
       [ 2.46151758e+00, -1.15407118e+00, -2.04107764e+00,
         1.02700925e+00,  3.80493726e+00],
       [ 2.18259070e+00,  3.83843214e-04, -2.10995274e+00,
         2.03506108e-01,  6.93223188e+00]])}
#### N=500:  
{'GPR/kern/variance': array(19916.94135976), 'GPR/mean_function/b': array([[ -33.38668908, -175.48388837,  131.40371495,  257.30933623,
         390.11799889]]), 'GPR/kern/lengthscales': array([1.56109672e+00, 1.63807658e+00, 1.71682704e+00, 9.18571111e+03,
       6.24179151e+03]), 'GPR/mean_function/A': array([[-5.14435731e+01, -4.29236655e+00, -2.44275995e+01,
        -4.69052431e+01,  4.89596158e+01],
       [ 5.66912861e+00,  1.32340310e+01, -2.63722879e+01,
        -3.93986232e+01, -6.99332013e+01],
       [ 4.47925423e+01,  6.87972054e+00,  1.02841256e+01,
         2.54085377e+01, -1.16063518e+02],
       [ 1.53881839e+00,  6.06895351e-02, -2.07062827e+00,
        -8.57447437e-01, -2.32630977e-01],
       [ 1.54593938e+00,  8.05517382e-01, -2.13864187e+00,
        -1.07433336e+00,  3.94753682e+00]])}
#### N=1000:  
{'GPR/kern/variance': array(27385.5539774), 'GPR/mean_function/b': array([[   0.86814718, -239.67142381,  196.16395677,  387.12914288,
         -59.5318853 ]]), 'GPR/kern/lengthscales': array([1.41173467e+00, 1.57143332e+00, 1.49633833e+00, 1.06006323e+04,
       9.86547224e+03]), 'GPR/mean_function/A': array([[ -85.4923299 ,   62.32785564,   -6.19630343, -102.4928797 ,
         166.78422677],
       [  17.09164261,   65.35626549,  -27.52346781,  -62.66475587,
          52.64797491],
       [ 105.46439307,  -64.68791281,  -28.53155105,   80.10397275,
        -172.27738621],
       [  -1.15446907,    0.29345447,    0.41140369,   -1.02518632,
           1.37243449],
       [  -0.24144512,    1.08680554,   -0.4843673 ,   -1.24198349,
           5.21199947]])}
#### N=2000:  
{'GPR/kern/variance': array(32613.85519212), 'GPR/mean_function/A': array([[-6.73904165e-01,  4.07914033e+01, -6.72534014e+01,
        -5.39859708e+01,  3.58437396e+02],
       [-4.09035192e+00,  5.78743884e+00, -5.93499075e+01,
        -7.81827723e+01, -6.14214592e+01],
       [-2.54941764e+01,  8.09642946e-01,  6.46470126e+01,
         1.45292386e+01, -3.84912792e+02],
       [ 2.63666735e-01,  6.02219223e-01, -3.39566649e-01,
        -6.13135828e-01,  3.13284289e+00],
       [ 7.28300737e-01,  1.29500356e+00, -1.01164107e+00,
        -9.66724764e-01,  6.42378321e+00]]), 'GPR/kern/lengthscales': array([1.45366347e+00, 1.56482203e+00, 1.42368176e+00, 1.02747929e+04,
       1.07833510e+04]), 'GPR/mean_function/b': array([[  46.79211849, -211.60003415,  263.29644019,  470.09839451,
          29.83216146]])}
#### N=3000:  
{'GPR/kern/lengthscales': array([1.40339535e+00, 1.43410348e+00, 1.33903384e+00, 9.64529367e+03,
       9.60676583e+03]), 'GPR/mean_function/A': array([[  17.70949646,   -3.24685749,  -43.98688206,   -4.9146079 ,
         190.60224872],
       [  15.22646684,   59.63819156,  -12.38482685,  -52.07023029,
          59.83997432],
       [  48.41352067,  -30.05517085,    8.12800931,   38.23391337,
        -137.00013626],
       [  -0.48568875,   -0.74265933,    0.54747925,    0.47533032,
          -2.65641402],
       [   0.2070413 ,    0.38955135,   -0.39318198,   -0.23011471,
           2.44391286]]), 'GPR/mean_function/b': array([[  49.25125796, -131.52927376,  194.40690436,  346.0670521 ,
         142.50700217]]), 'GPR/kern/variance': array(25828.23371616)}
#### N=100:  
{'GPR/mean_function/A': array([[ 4.25630537e+00,  1.20023484e+00, -5.01590653e+00,
        -7.69354842e-01,  1.87933335e+01],
       [ 2.12896494e-01,  3.82867607e+00, -6.87299429e-01,
        -2.71480988e+00,  7.63129668e+00],
       [-5.75124355e+00, -2.11498282e+00,  7.86213305e+00,
         1.56331087e+00, -4.12293999e+01],
       [-3.43630729e-02, -1.52992564e+00,  9.68212313e-02,
         7.50696240e-01,  5.35478006e-01],
       [ 1.55485599e+00,  1.03688670e+00, -2.14209479e+00,
        -8.34078872e-01,  1.26483115e+01]]), 'GPR/kern/lengthscales': array([ 1.75152637,  1.08722903,  1.37370319,  3.23219803, 82.36329092]), 'GPR/kern/variance': array(203.29481667), 'GPR/mean_function/b': array([[  0.21290474,  -3.64677383,   2.10283736,   5.11926248,
        -10.08521895]])}
#### N=200:  
{'GPR/kern/variance': array(4002.80839939), 'GPR/mean_function/A': array([[ 5.55751219e+00, -3.16325353e-02, -8.95338618e+00,
         1.75944255e-01,  3.89610114e+01],
       [-2.51445193e-01,  9.16805170e+00, -2.61542368e+00,
        -8.95324950e+00,  4.05114054e+01],
       [-7.31912359e+00, -4.57791827e+00,  1.24590762e+01,
         4.07626366e+00, -8.21027256e+01],
       [ 7.87351579e-01, -4.07989722e+00, -6.53411716e-01,
         2.77486702e+00, -4.52970109e+00],
       [ 6.41445332e-01,  2.25473192e+00, -1.33905526e+00,
        -1.82295861e+00,  1.40635540e+01]]), 'GPR/mean_function/b': array([[ -1.34567465, -10.80814949,  10.05674867,  17.41250472,
        -72.54091217]]), 'GPR/kern/lengthscales': array([1.42743481e+00, 1.60128347e+00, 2.12917654e+00, 2.61111913e+03,
       1.87660560e+03])}
#### N=300:  
{'GPR/kern/lengthscales': array([1.64736336e+00, 1.92608518e+00, 2.47980961e+00, 1.58977511e+04,
       1.38042649e+04]), 'GPR/mean_function/A': array([[  -2.77945181,  -16.70042432,  -26.38222616,    1.89414131,
          93.76439199],
       [ -10.14767987,   28.03530413,   -2.14311472,  -32.96088858,
          67.94612728],
       [  -2.46471287,   -8.61567284,   15.92390352,    4.94890931,
        -159.68171544],
       [   0.38477513,   -3.48191781,   -1.00232573,    1.89626513,
           4.1577064 ],
       [   1.64192204,    1.12208118,   -2.47227945,   -0.57693349,
          17.0806727 ]]), 'GPR/mean_function/b': array([[  17.54082103,  -34.80795983,   60.53071969,   97.73853986,
        -225.97450948]]), 'GPR/kern/variance': array(27512.56583714)}
#### N=400:  
{'GPR/kern/variance': array(29447.23085673), 'GPR/mean_function/b': array([[   4.49263285, -271.6906551 ,  170.01485223,  405.15086764,
        -518.94210648]]), 'GPR/kern/lengthscales': array([1.69718700e+00, 1.98098061e+00, 2.24632571e+00, 1.35493059e+04,
       1.08370126e+04]), 'GPR/mean_function/A': array([[-6.03008404e+00, -3.94195112e-01, -3.58508999e+01,
        -2.59570166e+01,  2.55898746e+01],
       [-2.04451972e+00,  4.54135326e+01, -1.92675728e+01,
        -6.05990351e+01,  9.57260383e+01],
       [ 2.28855526e+00,  7.66424899e+00,  2.18007922e+01,
        -1.54018423e+00, -8.15319171e+01],
       [ 3.31621632e-01, -8.55945592e-01, -2.28635137e+00,
        -7.00342390e-01,  1.64669788e+01],
       [ 1.82130226e+00,  1.58186464e-01, -2.44681363e+00,
         9.05850196e-02,  7.87562202e+00]])}
#### N=500:  
{'GPR/kern/variance': array(16454.02389599), 'GPR/mean_function/b': array([[  11.62710535, -182.15179914,   73.2319678 ,  244.59331011,
        -132.3815107 ]]), 'GPR/kern/lengthscales': array([1.54929326e+00, 1.76949288e+00, 2.15392560e+00, 6.27855046e+03,
       6.09758921e+03]), 'GPR/mean_function/A': array([[  6.18561351,  10.15820316, -19.29270308, -15.05351035,
        -14.60104945],
       [  5.68157186,  37.52843413, -12.71342049, -41.21579889,
         36.82884624],
       [  1.88350503,   9.22587331,  14.0964878 ,  -4.04598122,
        -84.30464394],
       [ -0.23281513,   0.31330009,  -0.93032381,  -1.70012967,
          5.92423455],
       [  1.73689196,  -0.78386651,  -2.66622489,   0.58888719,
         12.55560259]])}
#### N=1000:  
{'GPR/kern/lengthscales': array([1.51061394e+00, 1.56633696e+00, 1.46197681e+00, 1.02378540e+04,
       9.04373500e+03]), 'GPR/kern/variance': array(24711.85700978), 'GPR/mean_function/b': array([[   2.40579219, -196.29145138,  134.17746934,  323.42446493,
         154.30763149]]), 'GPR/mean_function/A': array([[-8.34124705e+01, -2.34694883e+01,  4.22536285e-02,
        -3.72608788e+01, -2.03972953e+01],
       [-2.34599975e+01,  3.75510653e+01, -9.53432154e+00,
        -5.81763222e+01,  8.70220027e+00],
       [ 5.09819394e+01, -1.81000893e+01, -2.16601478e+01,
         1.82426500e+01, -8.27294832e+01],
       [ 3.05329729e+00,  4.64550248e+00, -2.34398744e+00,
        -5.67775818e+00, -3.48165526e+00],
       [-4.90481518e-02,  1.34752978e+00, -1.66643108e-01,
        -1.04871479e+00,  5.07225297e+00]])}
