#### N=100:  
{'GPR/kern/lengthscales': array([4.89291500e+00, 4.00858653e+00, 6.40422439e+04, 4.92016838e+04,
       6.24165364e+04]), 'GPR/kern/variance': array(6.16418049), 'GPR/mean_function/A': array([[  3.65379801,   0.55457557,  -4.25016961,  -0.28607112,
         17.39230668],
       [  0.29388938,   2.90516578,  -0.56729239,  -1.68879958,
          4.4485588 ],
       [ -5.51141386,  -2.18951517,   7.40706635,   1.34451264,
        -36.09829989],
       [ -0.30565542,  -2.07949406,   0.54773443,   1.22733956,
         -3.83020176],
       [  2.43193529,   1.5397594 ,  -3.44700298,  -0.97634531,
         17.82089737]]), 'GPR/mean_function/b': array([[0.56685221, 0.07826692, 1.15324638, 1.52966632, 1.48788052]])}
#### N=200:  
{'GPR/mean_function/b': array([[ 0.26210388, -6.94440426,  1.64098627,  7.36018896, -6.88139252]]), 'GPR/kern/variance': array(387.82778685), 'GPR/kern/lengthscales': array([  16.31058149,   18.43006124, 1047.7663125 , 1251.99872711,
       2413.60132217]), 'GPR/mean_function/A': array([[ 3.72517226e+00,  1.20844512e-01, -4.19361252e+00,
         2.86722849e-02,  1.48876181e+01],
       [ 5.48803335e-02,  3.02935736e+00, -1.57746581e-01,
        -1.87694796e+00,  1.97824613e+00],
       [-4.94248795e+00, -9.42069775e-01,  6.43310188e+00,
         5.84430574e-01, -2.99148097e+01],
       [-3.05159590e-02, -1.69501485e+00,  4.97589413e-02,
         9.88845354e-01, -2.96690250e-01],
       [ 1.78850287e+00,  5.54145240e-01, -2.37803439e+00,
        -3.52544623e-01,  1.11772306e+01]])}
#### N=300:  
{'GPR/kern/variance': array(171.1452802), 'GPR/mean_function/b': array([[-0.03414683, -3.62200922,  1.81687251,  4.56518506, -3.71330406]]), 'GPR/mean_function/A': array([[ 3.99891161e+00, -8.09744829e-02, -4.62641082e+00,
         1.13659410e-01,  1.75025447e+01],
       [-1.40018736e-01,  3.48559770e+00,  8.74817391e-02,
        -2.14833447e+00,  1.23514549e+00],
       [-5.09448378e+00, -1.34193366e-01,  6.64941311e+00,
         1.05100139e-01, -3.07442908e+01],
       [ 1.37002987e-01, -1.94615976e+00, -1.39584615e-01,
         1.15726103e+00, -2.40004757e-02],
       [ 1.74781856e+00, -2.03941984e-01, -2.29720039e+00,
         1.14843253e-01,  1.03804125e+01]]), 'GPR/kern/lengthscales': array([  8.05196505,  14.20555055, 366.79934885, 450.95963589,
       328.73897   ])}
#### N=400:  
{'GPR/kern/variance': array(1146.09538341), 'GPR/mean_function/b': array([[ 1.30407156, -2.75663242, -0.43989941,  5.51181643, 13.37395449]]), 'GPR/kern/lengthscales': array([ 21.14838369,  15.40188133,  26.11470493, 804.01722068,
        28.48248985]), 'GPR/mean_function/A': array([[ 4.22178060e+00,  2.29741592e-01, -5.10232284e+00,
        -1.58408772e-01,  2.07807714e+01],
       [ 1.19056001e-02,  3.32759265e+00, -3.41937469e-02,
        -2.16059658e+00,  5.74991777e-01],
       [-5.78073519e+00, -5.32834787e-01,  8.04430478e+00,
         3.48465589e-01, -4.13961775e+01],
       [ 6.86080117e-02, -2.33327693e+00, -9.18588513e-02,
         1.40751290e+00,  3.53720974e-01],
       [ 1.83676166e+00,  1.41844275e-01, -2.58384959e+00,
        -1.14833778e-01,  1.33637258e+01]])}
#### N=500:  
{'GPR/kern/lengthscales': array([  25.04227848,   18.94153641,   28.58059493, 1358.88914847,
         29.51514434]), 'GPR/kern/variance': array(1789.92473422), 'GPR/mean_function/A': array([[ 4.23228560e+00,  2.33769612e-01, -5.14145675e+00,
        -1.48100692e-01,  2.12314738e+01],
       [ 2.67982849e-02,  3.46325334e+00, -5.35625497e-02,
        -2.26788426e+00,  6.60219348e-01],
       [-5.87781233e+00, -5.12340699e-01,  8.25617922e+00,
         3.13873724e-01, -4.33354038e+01],
       [ 2.35385322e-02, -2.59327515e+00, -3.24779863e-02,
         1.59556492e+00,  1.69094298e-01],
       [ 1.82766247e+00,  1.57198384e-01, -2.59142512e+00,
        -1.16806170e-01,  1.36573034e+01]]), 'GPR/mean_function/b': array([[ 1.60845489, -1.83452244, -0.66514705,  5.17041796, 13.77024116]])}
#### N=1000:  
{'GPR/kern/lengthscales': array([  52.07781934,   33.29847048,   43.04767109, 8559.1691606 ,
         50.06732712]), 'GPR/mean_function/A': array([[ 3.87025809e+00, -1.76410252e-01, -4.63707439e+00,
         2.26127378e-01,  1.84341216e+01],
       [ 1.26056216e-01,  4.02001556e+00, -1.36127013e-01,
        -2.63250125e+00,  1.78763065e+00],
       [-5.78852684e+00,  1.07684080e-01,  8.38933681e+00,
        -1.46727298e-01, -4.69167885e+01],
       [ 1.02034491e-01, -3.10978886e+00, -1.92623980e-01,
         2.01925314e+00,  1.55563867e+00],
       [ 1.48579652e+00,  2.52017249e-02, -2.09590392e+00,
         7.87112582e-03,  1.11121954e+01]]), 'GPR/mean_function/b': array([[ -1.51766365,  -2.02811793,  -2.38766317,  -1.13706753,
        -26.22426644]]), 'GPR/kern/variance': array(11622.71781436)}
#### N=2000:  
{'GPR/kern/lengthscales': array([   75.53218937,    43.25090404,    48.99744271, 17025.19225249,
          70.80334903]), 'GPR/mean_function/b': array([[ 3.66610187e+01, -1.28173574e+02, -1.39269683e+02,
         2.13073795e-01,  2.50414233e+02]]), 'GPR/mean_function/A': array([[  3.71570842,  -0.27571818,  -4.54288789,   0.267497  ,
         19.14676457],
       [ -0.67402839,   4.85839892,   1.53177469,  -2.86134883,
         -4.78820895],
       [ -5.57852729,   0.9313023 ,   8.48788754,  -0.73843828,
        -51.76534501],
       [  0.7776955 ,  -2.47838016,  -1.15816775,   1.65092467,
          6.40550051],
       [  0.9746626 ,  -0.3486585 ,  -1.36781476,   0.33008939,
          8.11032801]]), 'GPR/kern/variance': array(33514.8229811)}
