#### N=100:  
{'GPR/mean_function/b': array([[0.3191205 , 0.72399919, 1.48403946, 0.94653216, 0.42290449]]), 'GPR/mean_function/A': array([[ 2.61115796e+00, -5.51015948e-01, -2.33794549e+00,
         4.27918046e-01,  3.76044483e+00],
       [ 1.26041307e-02,  1.95143452e+00, -8.80953209e-02,
        -1.05118064e+00,  1.19954366e+00],
       [-3.43266731e+00,  7.64789373e-01,  3.48513686e+00,
        -5.57259287e-01, -7.02620498e+00],
       [ 5.32208246e-03, -1.48234289e+00,  5.54104685e-02,
         8.52996438e-01, -9.34378265e-01],
       [ 1.48465918e+00, -2.81943608e-01, -1.59717460e+00,
         1.73881355e-01,  3.57360182e+00]]), 'GPR/kern/variance': array(0.00876491), 'GPR/kern/lengthscales': array([ 1.16404001,  0.84472746, 42.04254748, 39.27824903, 38.83698953])}
#### N=200:  
{'GPR/mean_function/b': array([[0.33667047, 0.36792445, 1.46206564, 1.20515566, 0.55351319]]), 'GPR/mean_function/A': array([[ 2.54332966,  0.07795423, -2.26475669,  0.0660548 ,  3.25702568],
       [ 0.1914495 ,  1.63362597, -0.30334859, -0.83469666,  1.80245568],
       [-3.13036108, -0.44872345,  3.17454603,  0.12682728, -6.38148791],
       [-0.16277501, -1.08799699,  0.25400812,  0.59074369, -1.46110984],
       [ 1.24741412,  0.32495178, -1.34884264, -0.14556822,  3.20525668]]), 'GPR/kern/variance': array(0.02517631), 'GPR/kern/lengthscales': array([ 2.56627631,  2.1973797 , 58.78937335, 59.62087724, 58.81108372])}
#### N=300:  
{'GPR/mean_function/A': array([[  2.68841721,   0.08833125,  -2.56067643,   0.02386691,
          5.54446989],
       [  0.14433318,   1.64029017,  -0.24813509,  -0.84783674,
          1.649031  ],
       [ -3.35650639,  -0.39886449,   3.66605797,   0.15658916,
        -10.42654494],
       [ -0.1185987 ,  -1.06473732,   0.20064566,   0.5831052 ,
         -1.28883164],
       [  1.33228075,   0.26322105,  -1.55107975,  -0.13669874,
          4.98274069]]), 'GPR/kern/variance': array(0.05690764), 'GPR/mean_function/b': array([[0.33901951, 0.26692329, 1.46038204, 1.29358078, 0.56840575]]), 'GPR/kern/lengthscales': array([  3.99260964,   4.20765273, 149.53981901, 152.54652461,
       144.11236838])}
#### N=400:  
{'GPR/kern/lengthscales': array([  5.66158308,   5.54215168, 136.87425289, 166.09295872,
       144.90838334]), 'GPR/mean_function/b': array([[ 0.26708423, -0.02768344,  1.54900803,  1.53624714,  0.40221162]]), 'GPR/kern/variance': array(0.1323778), 'GPR/mean_function/A': array([[ 2.55769451e+00,  1.22459111e-01, -2.40114862e+00,
        -2.36697670e-02,  5.06682084e+00],
       [-2.12070049e-02,  1.21728160e+00,  3.81041713e-02,
        -5.33470113e-01, -1.64215864e-01],
       [-2.90307683e+00, -8.84684399e-02,  3.07229039e+00,
        -5.36858618e-02, -8.33174533e+00],
       [ 2.65718860e-02, -6.91595108e-01, -4.61805305e-02,
         3.05729191e-01,  2.42534024e-01],
       [ 1.05158463e+00, -7.37032721e-03, -1.17304776e+00,
         5.80476895e-02,  3.54853457e+00]])}
#### N=500:  
{'GPR/mean_function/A': array([[ 2.61985898e+00,  2.05020545e-01, -2.50464673e+00,
        -8.66812920e-02,  5.80585751e+00],
       [ 1.05992059e-02,  1.15527942e+00, -4.39893237e-03,
        -4.88871268e-01, -1.27629438e-02],
       [-2.96706921e+00, -2.83474839e-01,  3.19802417e+00,
         9.42135482e-02, -9.39060273e+00],
       [-1.28044194e-03, -6.29533022e-01, -9.31428300e-03,
         2.60653413e-01,  1.16428716e-01],
       [ 1.06289273e+00,  1.02746860e-01, -1.20689690e+00,
        -2.54663660e-02,  3.92611391e+00]]), 'GPR/mean_function/b': array([[ 0.2528938 , -0.12995847,  1.56276463,  1.61635669,  0.32557112]]), 'GPR/kern/lengthscales': array([ 10.06518057,   9.53560685, 312.84451031, 404.37926016,
       341.95443642]), 'GPR/kern/variance': array(0.203735)}
#### N=1000:  
{'GPR/mean_function/b': array([[ 0.25474579, -0.25334503,  1.5890589 ,  1.76562096,  0.11126115]]), 'GPR/kern/lengthscales': array([ 27.38644417,  18.48937528,  36.16749686, 187.82035715,
        25.63183227]), 'GPR/mean_function/A': array([[ 2.84500414e+00,  4.85411222e-03, -2.93389221e+00,
         4.37969194e-02,  9.00828914e+00],
       [-3.18888349e-02,  1.17901123e+00,  5.35609146e-02,
        -4.55035371e-01, -3.45613421e-01],
       [-3.38781075e+00,  3.91131234e-02,  3.99219569e+00,
        -9.41327512e-02, -1.54060750e+01],
       [ 3.54764691e-02, -6.35576841e-01, -6.17083869e-02,
         2.10010117e-01,  4.32532929e-01],
       [ 1.26196721e+00, -3.26242535e-02, -1.58186970e+00,
         4.37156740e-02,  6.79042409e+00]]), 'GPR/kern/variance': array(0.43016556)}
#### N=2000:  
{'GPR/kern/lengthscales': array([ 47.29633558,  31.06278152, 428.64379073, 657.64976231,
        19.28715893]), 'GPR/kern/variance': array(0.61759515), 'GPR/mean_function/A': array([[ 2.79472827e+00,  6.96889550e-03, -2.92177752e+00,
         3.91595294e-02,  9.15783691e+00],
       [ 1.16127461e-02,  1.17085397e+00, -1.35672184e-02,
        -4.60637600e-01,  1.41108436e-01],
       [-3.23208996e+00, -9.97113272e-03,  3.88381312e+00,
        -7.16500017e-02, -1.53085968e+01],
       [ 7.35669190e-03, -6.48678122e-01, -1.16906079e-02,
         2.25697674e-01,  4.36871221e-02],
       [ 1.17357179e+00,  1.51514788e-02, -1.50888433e+00,
         2.48191976e-02,  6.63388132e+00]]), 'GPR/mean_function/b': array([[ 0.18174921, -0.10361715,  1.64138116,  1.66924725, -0.26740242]])}
