#### N=100:  
{'GPR/mean_function/b': array([[  0.21290474,  -3.64677383,   2.10283736,   5.11926248,
        -10.08521895]]), 'GPR/kern/variance': array(203.29481667), 'GPR/kern/lengthscales': array([ 1.75152637,  1.08722903,  1.37370319,  3.23219803, 82.36329092]), 'GPR/mean_function/A': array([[ 4.25630537e+00,  1.20023484e+00, -5.01590653e+00,
        -7.69354842e-01,  1.87933335e+01],
       [ 2.12896494e-01,  3.82867607e+00, -6.87299429e-01,
        -2.71480988e+00,  7.63129668e+00],
       [-5.75124355e+00, -2.11498282e+00,  7.86213305e+00,
         1.56331087e+00, -4.12293999e+01],
       [-3.43630729e-02, -1.52992564e+00,  9.68212313e-02,
         7.50696240e-01,  5.35478006e-01],
       [ 1.55485599e+00,  1.03688670e+00, -2.14209479e+00,
        -8.34078872e-01,  1.26483115e+01]])}
#### N=200:  
{'GPR/mean_function/A': array([[ 5.55751219e+00, -3.16325353e-02, -8.95338618e+00,
         1.75944255e-01,  3.89610114e+01],
       [-2.51445193e-01,  9.16805170e+00, -2.61542368e+00,
        -8.95324950e+00,  4.05114054e+01],
       [-7.31912359e+00, -4.57791827e+00,  1.24590762e+01,
         4.07626366e+00, -8.21027256e+01],
       [ 7.87351579e-01, -4.07989722e+00, -6.53411716e-01,
         2.77486702e+00, -4.52970109e+00],
       [ 6.41445332e-01,  2.25473192e+00, -1.33905526e+00,
        -1.82295861e+00,  1.40635540e+01]]), 'GPR/kern/lengthscales': array([1.42743481e+00, 1.60128347e+00, 2.12917654e+00, 2.61111913e+03,
       1.87660560e+03]), 'GPR/mean_function/b': array([[ -1.34567465, -10.80814949,  10.05674867,  17.41250472,
        -72.54091217]]), 'GPR/kern/variance': array(4002.80839939)}
#### N=300:  
{'GPR/mean_function/b': array([[  17.54082103,  -34.80795983,   60.53071969,   97.73853986,
        -225.97450948]]), 'GPR/mean_function/A': array([[  -2.77945181,  -16.70042432,  -26.38222616,    1.89414131,
          93.76439199],
       [ -10.14767987,   28.03530413,   -2.14311472,  -32.96088858,
          67.94612728],
       [  -2.46471287,   -8.61567284,   15.92390352,    4.94890931,
        -159.68171544],
       [   0.38477513,   -3.48191781,   -1.00232573,    1.89626513,
           4.1577064 ],
       [   1.64192204,    1.12208118,   -2.47227945,   -0.57693349,
          17.0806727 ]]), 'GPR/kern/lengthscales': array([1.64736336e+00, 1.92608518e+00, 2.47980961e+00, 1.58977511e+04,
       1.38042649e+04]), 'GPR/kern/variance': array(27512.56583714)}
#### N=400:  
{'GPR/mean_function/b': array([[   4.49263285, -271.6906551 ,  170.01485223,  405.15086764,
        -518.94210648]]), 'GPR/kern/lengthscales': array([1.69718700e+00, 1.98098061e+00, 2.24632571e+00, 1.35493059e+04,
       1.08370126e+04]), 'GPR/kern/variance': array(29447.23085673), 'GPR/mean_function/A': array([[-6.03008404e+00, -3.94195112e-01, -3.58508999e+01,
        -2.59570166e+01,  2.55898746e+01],
       [-2.04451972e+00,  4.54135326e+01, -1.92675728e+01,
        -6.05990351e+01,  9.57260383e+01],
       [ 2.28855526e+00,  7.66424899e+00,  2.18007922e+01,
        -1.54018423e+00, -8.15319171e+01],
       [ 3.31621632e-01, -8.55945592e-01, -2.28635137e+00,
        -7.00342390e-01,  1.64669788e+01],
       [ 1.82130226e+00,  1.58186464e-01, -2.44681363e+00,
         9.05850196e-02,  7.87562202e+00]])}
#### N=500:  
{'GPR/kern/lengthscales': array([1.54929326e+00, 1.76949288e+00, 2.15392560e+00, 6.27855046e+03,
       6.09758921e+03]), 'GPR/mean_function/b': array([[  11.62710535, -182.15179914,   73.2319678 ,  244.59331011,
        -132.3815107 ]]), 'GPR/kern/variance': array(16454.02389599), 'GPR/mean_function/A': array([[  6.18561351,  10.15820316, -19.29270308, -15.05351035,
        -14.60104945],
       [  5.68157186,  37.52843413, -12.71342049, -41.21579889,
         36.82884624],
       [  1.88350503,   9.22587331,  14.0964878 ,  -4.04598122,
        -84.30464394],
       [ -0.23281513,   0.31330009,  -0.93032381,  -1.70012967,
          5.92423455],
       [  1.73689196,  -0.78386651,  -2.66622489,   0.58888719,
         12.55560259]])}
#### N=1000:  
{'GPR/kern/lengthscales': array([1.51061394e+00, 1.56633696e+00, 1.46197681e+00, 1.02378540e+04,
       9.04373500e+03]), 'GPR/kern/variance': array(24711.85700978), 'GPR/mean_function/A': array([[-8.34124705e+01, -2.34694883e+01,  4.22536285e-02,
        -3.72608788e+01, -2.03972953e+01],
       [-2.34599975e+01,  3.75510653e+01, -9.53432154e+00,
        -5.81763222e+01,  8.70220027e+00],
       [ 5.09819394e+01, -1.81000893e+01, -2.16601478e+01,
         1.82426500e+01, -8.27294832e+01],
       [ 3.05329729e+00,  4.64550248e+00, -2.34398744e+00,
        -5.67775818e+00, -3.48165526e+00],
       [-4.90481518e-02,  1.34752978e+00, -1.66643108e-01,
        -1.04871479e+00,  5.07225297e+00]]), 'GPR/mean_function/b': array([[   2.40579219, -196.29145138,  134.17746934,  323.42446493,
         154.30763149]])}
#### N=2000:  
{'GPR/kern/lengthscales': array([1.49840873e+00, 1.54598874e+00, 1.36104261e+00, 9.30524351e+03,
       9.49955601e+03]), 'GPR/kern/variance': array(31720.74184959), 'GPR/mean_function/A': array([[-69.57811838,  21.80978359, -10.92792586, -77.80164853,
          7.01399788],
       [-21.16335924,  52.54244998,  -6.90066836, -63.86142233,
        -16.10186877],
       [ 84.71967532, -27.11777584, -42.48525233,  40.56721736,
         -5.71206384],
       [ -1.64808403,  -0.26377359,   1.50629007,  -0.3912302 ,
         -1.23439848],
       [ -0.59786144,   0.70412998,   0.27291246,  -0.81824296,
          3.4053006 ]]), 'GPR/mean_function/b': array([[  21.46581089, -206.41521131,  198.25595753,  393.10522652,
           8.58344039]])}
#### N=1000:  
{'GPR/mean_function/b': array([[ 122.44805176, -299.37378638,  453.25025784,  790.28803709,
        -234.07582438]]), 'GPR/kern/variance': array(42128.04378898), 'GPR/kern/lengthscales': array([1.20070579e+01, 8.06912402e+00, 9.07480390e+00, 4.71371666e+04,
       3.62527805e+04]), 'GPR/mean_function/A': array([[ 2.50007772e+00,  5.16549910e+00, -1.17721497e+01,
        -8.00580507e+00,  5.17207912e+01],
       [-4.46056425e+00,  2.48109555e+01, -1.86450761e+01,
        -3.99028344e+01,  1.94425158e+01],
       [-1.58277522e+01,  5.54042901e+00,  1.49324570e+01,
        -1.16584464e+01, -1.28589400e+02],
       [ 6.74300433e-02, -1.42056222e+00, -5.93055073e-01,
         5.68320188e-01,  2.57049231e+00],
       [ 1.08802132e+00, -1.01196784e-01, -1.35871794e+00,
         3.37180983e-02,  6.29468179e+00]])}
#### N=2000:  
{'GPR/kern/variance': array(30324.01697405), 'GPR/mean_function/b': array([[136.3268983 ,  38.98238152, 339.87781713, 427.92880777,
        356.41679371]]), 'GPR/kern/lengthscales': array([1.01851052e+01, 7.42436619e+00, 7.83343596e+00, 2.88249726e+04,
       1.84410103e+04]), 'GPR/mean_function/A': array([[  21.11069409,   -9.52148856,  -35.45359965,   -6.09940571,
          90.07624714],
       [  -4.5937364 ,   47.60401071,    1.06879851,  -33.54950982,
         -11.69035036],
       [  -2.4623419 ,   -7.30857775,    3.99126957,   -7.77433557,
        -173.4049294 ],
       [   0.595106  ,   -2.01505502,   -0.85609802,    1.27260585,
           1.5101039 ],
       [   0.83353892,   -0.6077116 ,   -1.2082448 ,    0.38771748,
           4.85547569]])}
#### N=3000:  
{'GPR/mean_function/b': array([[256.18180705, -75.46547632, 544.98043716, 844.96676986,
        934.65391696]]), 'GPR/kern/lengthscales': array([1.06606276e+01, 8.66785367e+00, 8.14496870e+00, 5.98518329e+04,
       4.26303628e+04]), 'GPR/mean_function/A': array([[-4.46376518e+01, -5.21079715e+01, -1.24141922e+01,
        -1.69404814e+01, -5.17051903e+00],
       [-7.36069187e+01,  6.45751575e+00, -1.19386731e+01,
        -7.70661461e+01, -1.02084224e+02],
       [ 1.77313911e+01, -3.69420835e+01, -4.57702824e+01,
        -1.16861005e+01, -1.91975267e+02],
       [ 3.13847144e-01, -8.13001318e-01, -3.45980790e-01,
         5.33061392e-01, -1.44719790e-01],
       [ 6.43739065e-01,  2.88713979e-01, -8.49106452e-01,
        -1.56765098e-01,  3.66112364e+00]]), 'GPR/kern/variance': array(56617.74275452)}
#### N=500:  
{'GPR/mean_function/b': array([[-25.78226802,  16.31520261, -27.90530617, -57.72356767,
        -99.85310263]]), 'GPR/kern/variance': array(16495.75254761), 'GPR/kern/lengthscales': array([9.76700451e+00, 7.61751918e+00, 8.14971924e+00, 1.65511180e+04,
       1.08423763e+04]), 'GPR/mean_function/A': array([[ 5.27778163e+00,  3.74889325e+00, -5.33888611e+00,
        -1.65912875e-01,  2.63128720e+01],
       [ 2.55901177e+00,  4.00731912e+00,  4.50585267e-01,
        -1.04546008e+00,  8.28868438e+00],
       [-7.25224967e+00,  2.38392343e+00,  1.47495045e+01,
         9.07182033e-01, -8.43614387e+01],
       [ 6.00953498e-01, -1.15602032e+00, -7.32407361e-01,
         7.73993984e-01,  3.92072402e+00],
       [ 6.84096103e-01, -2.47634209e-01, -9.17084286e-01,
         4.02549869e-02,  3.69341597e+00]])}
#### N=100:  
{'GPR/kern/lengthscales': array([2.69972587e+00, 2.19842766e+00, 2.43689573e+03, 2.03324943e+03,
       2.69587302e+03]), 'GPR/mean_function/A': array([[  4.17089573,   0.71383541,  -5.10940523,  -0.40537123,
         22.72629115],
       [  0.09049129,   3.71131548,  -0.22989879,  -2.28632601,
          2.49451705],
       [ -6.38535067,  -3.09102321,   8.95253293,   2.0339643 ,
        -46.88451328],
       [ -0.24380824,  -2.7472628 ,   0.42449964,   1.69372326,
         -2.90207531],
       [  2.61291222,   2.22429106,  -3.79493517,  -1.47021587,
         20.48874862]]), 'GPR/mean_function/b': array([[ 0.70928536, -0.46856199,  0.94758458,  1.96733449,  2.32190692]]), 'GPR/kern/variance': array(18.73541676)}
#### N=200:  
{'GPR/mean_function/b': array([[ 0.12294197, -0.89870964,  1.80911966,  2.2889843 , -1.905242  ]]), 'GPR/mean_function/A': array([[ 3.89363725e+00,  2.61991634e-01, -4.54612984e+00,
        -9.72446711e-02,  1.79954684e+01],
       [-4.10576568e-02,  2.69469709e+00, -1.82901550e-02,
        -1.60577496e+00,  1.22327499e+00],
       [-4.78538081e+00, -3.42935947e-01,  6.17710033e+00,
         2.08479541e-01, -2.81163776e+01],
       [ 8.99569713e-02, -1.56380326e+00, -1.09078456e-01,
         8.96590696e-01,  2.91214412e-01],
       [ 1.62413156e+00,  4.55893208e-03, -2.11836166e+00,
        -1.29714255e-02,  9.51445450e+00]]), 'GPR/kern/variance': array(7.78754351), 'GPR/kern/lengthscales': array([1.52115396e+00, 1.77170474e+00, 5.70455673e+00, 2.56360912e+03,
       5.02991322e+03])}
#### N=300:  
{'GPR/mean_function/A': array([[ 7.97347681e+00, -2.49465460e+00, -1.23977354e+01,
         5.13599020e-01,  5.04301538e+01],
       [-1.29416107e+00,  5.92857280e+00, -4.13157950e+00,
        -8.67682197e+00,  2.57534733e+01],
       [-8.79565076e+00, -3.03569182e+00,  1.67480723e+01,
         2.56751360e+00, -1.16456753e+02],
       [ 2.57212742e-01, -5.26171405e-01, -5.14353742e-01,
         6.25371768e-02,  2.58811449e+00],
       [ 3.25246458e-01,  3.62292460e-01, -2.81188681e-01,
        -2.20953035e-01,  1.86226830e+00]]), 'GPR/mean_function/b': array([[  70.09999932,   67.76647919,  109.94551993,  129.08278942,
        -209.21355731]]), 'GPR/kern/variance': array(149415.95157939), 'GPR/kern/lengthscales': array([1.52129472e+01, 1.37831762e+01, 1.33421989e+01, 1.19765125e+05,
       4.09712059e+04])}
#### N=400:  
{'GPR/mean_function/b': array([[ -65.09747967,   59.92963028, -105.57230797, -191.63758745,
        -301.04220801]]), 'GPR/kern/variance': array(64670.8292623), 'GPR/mean_function/A': array([[ 6.15476797e+00,  1.93212703e-01, -7.01029803e+00,
         1.13668886e+00,  3.37218610e+01],
       [ 2.05987810e+00,  5.50096549e+00,  4.37301890e+00,
         1.18785400e+00,  1.17966448e+01],
       [-9.23571780e+00,  6.41955310e-01,  1.75405160e+01,
         1.05992150e+00, -1.09710946e+02],
       [ 5.16434442e-01, -9.04844084e-01, -5.52010200e-01,
         6.01827085e-01,  3.51800754e+00],
       [ 6.00809704e-01, -8.36238697e-02, -7.05909772e-01,
        -1.51271676e-02,  2.96593897e+00]]), 'GPR/kern/lengthscales': array([1.31592260e+01, 9.91756427e+00, 1.11052735e+01, 5.18378101e+04,
       2.30431494e+04])}
#### N=500:  
{'GPR/kern/variance': array(16495.75254761), 'GPR/kern/lengthscales': array([9.76700451e+00, 7.61751918e+00, 8.14971924e+00, 1.65511180e+04,
       1.08423763e+04]), 'GPR/mean_function/A': array([[ 5.27778163e+00,  3.74889325e+00, -5.33888611e+00,
        -1.65912875e-01,  2.63128720e+01],
       [ 2.55901177e+00,  4.00731912e+00,  4.50585267e-01,
        -1.04546008e+00,  8.28868438e+00],
       [-7.25224967e+00,  2.38392343e+00,  1.47495045e+01,
         9.07182033e-01, -8.43614387e+01],
       [ 6.00953498e-01, -1.15602032e+00, -7.32407361e-01,
         7.73993984e-01,  3.92072402e+00],
       [ 6.84096103e-01, -2.47634209e-01, -9.17084286e-01,
         4.02549869e-02,  3.69341597e+00]]), 'GPR/mean_function/b': array([[-25.78226802,  16.31520261, -27.90530617, -57.72356767,
        -99.85310263]])}
#### N=1000:  
{'GPR/kern/variance': array(42128.04378898), 'GPR/mean_function/b': array([[ 122.44805176, -299.37378638,  453.25025784,  790.28803709,
        -234.07582438]]), 'GPR/kern/lengthscales': array([1.20070579e+01, 8.06912402e+00, 9.07480390e+00, 4.71371666e+04,
       3.62527805e+04]), 'GPR/mean_function/A': array([[ 2.50007772e+00,  5.16549910e+00, -1.17721497e+01,
        -8.00580507e+00,  5.17207912e+01],
       [-4.46056425e+00,  2.48109555e+01, -1.86450761e+01,
        -3.99028344e+01,  1.94425158e+01],
       [-1.58277522e+01,  5.54042901e+00,  1.49324570e+01,
        -1.16584464e+01, -1.28589400e+02],
       [ 6.74300433e-02, -1.42056222e+00, -5.93055073e-01,
         5.68320188e-01,  2.57049231e+00],
       [ 1.08802132e+00, -1.01196784e-01, -1.35871794e+00,
         3.37180983e-02,  6.29468179e+00]])}
