100  7.156709e+01  1.027300e-01  8.820054e-02  1.255003e+02  1.528522e-06  1.000000e-06  -9.789027e-13  -2.955617e-13  1.140283e-12  1.715665e-12  -1.121766e-11  1.895826e-01  4.582289e-01  7.093361e-01  3.848243e-01  3.182366e-01  1.596868e+00  -1.475582e-01  -1.300992e+00  1.783175e-01  1.552839e+00  -5.761643e-01  3.401624e+00  3.880896e-01  -1.968081e+00  -8.101907e-01  -8.305672e-01  4.686961e-02  7.421879e-01  -9.463618e-02  -1.080406e+00  -1.977338e-01  -2.963432e-01  1.708823e-01  -1.110624e-02  1.009780e-01  1.895826e-01  4.582289e-01  7.093361e-01  3.848243e-01  3.182366e-01
200  1.752459e+00  5.423293e+00  3.092721e+00  3.983897e+00  2.717453e+00  1.333088e-06  3.075063e-11  -3.507549e-10  3.462090e-11  2.113736e-10  -9.448900e-10  4.731368e-01  7.565101e-01  1.746645e-01  1.015239e-01  4.900399e+00  1.954918e+00  -1.605186e-01  -1.789019e+00  2.420821e-01  2.728325e+00  -1.698519e-01  2.398720e+00  1.253965e-01  -1.479919e+00  3.707178e-01  -1.812371e+00  -1.660736e-01  2.294516e+00  2.381698e-02  -1.045523e+01  3.500533e-01  -7.073223e-01  -4.574064e-01  2.923439e-01  2.561197e+00  4.731368e-01  7.565101e-01  1.746645e-01  1.015239e-01  4.900399e+00
400  2.896418e+01  1.401848e-01  1.870282e-01  2.933700e+01  2.304837e-01  4.217104e-01  1.214440e-11  -9.054525e-11  -1.153805e-11  4.111355e-11  1.315423e-11  6.163780e-01  5.031178e-01  1.887535e-02  3.677835e-01  4.571970e+00  2.498600e+00  3.203330e-01  -2.520709e+00  -3.195273e-01  6.785110e+00  8.779835e-01  2.422248e+00  -1.463660e+00  -1.504353e+00  9.201465e+00  -2.519651e+00  4.671018e-02  3.215604e+00  -7.765321e-02  -1.449366e+01  9.114331e-02  -2.522425e+00  -2.262605e-01  1.549240e+00  2.025441e+00  6.163780e-01  5.031178e-01  1.887535e-02  3.677835e-01  4.571970e+00
800  1.755706e+01  3.812785e-01  2.535673e-01  3.532381e+01  3.083688e-01  1.393972e+00  -4.091810e-12  -6.954771e-11  2.222344e-11  4.967888e-11  -3.048970e-10  6.581784e-01  7.162462e-01  -7.709000e-02  1.956206e-01  5.705892e+00  2.713543e+00  3.766893e-02  -2.800282e+00  -6.655350e-02  7.253377e+00  -4.466408e-01  3.506875e+00  9.783675e-01  -2.226983e+00  -8.331646e+00  -3.069135e+00  3.741715e-01  4.126308e+00  -3.700807e-01  -1.986424e+01  2.381455e-01  -3.864027e+00  -5.442543e-01  2.504210e+00  4.857705e+00  6.581784e-01  7.162462e-01  -7.709000e-02  1.956206e-01  5.705892e+00
1600  1.274126e+02  1.743028e-01  1.108222e-01  9.345153e-01  1.490512e-01  1.489863e+02  8.450059e-14  -2.736835e-13  6.643588e-13  -2.239187e-13  -1.902382e-11  7.058544e-01  1.368956e+00  -1.308237e-01  -2.772109e-01  7.586971e+00  2.214717e+00  -1.319394e-01  -2.370266e+00  1.815422e-01  7.116377e+00  -2.569026e-02  3.314094e+00  1.248843e-01  -2.256752e+00  -1.330680e+00  -3.574883e+00  3.203871e-01  4.777613e+00  -4.236198e-01  -2.244400e+01  3.774251e-02  -1.441007e+00  -1.139251e-01  1.011111e+00  7.253271e-01  7.058544e-01  1.368956e+00  -1.308237e-01  -2.772109e-01  7.586971e+00
#### N=100:  
{'GPR/mean_function/A': array([[ 2.79345504e+00,  1.86532369e-01, -2.74542804e+00,
        -2.53828273e-03,  7.01894358e+00],
       [-2.53465311e-01,  2.03671804e+00,  1.25133566e-01,
        -1.13573641e+00,  7.36007711e-01],
       [-3.42803380e+00, -7.01245227e-01,  3.87470802e+00,
         3.09616709e-01, -1.29604326e+01],
       [ 1.65243909e-01, -1.75521944e-01, -2.70607992e-01,
        -7.75422490e-02,  1.80259467e+00],
       [ 1.30239504e+00,  3.82761030e-01, -1.57085806e+00,
        -2.07466239e-01,  5.96038066e+00]]), 'GPR/kern/bias_variance': array(0.08545795), 'GPR/mean_function/b': array([[0.38480524, 0.90784643, 1.39753375, 0.76028676, 0.65125748]]), 'GPR/kern/variance': array(53.94439942), 'GPR/kern/weight_variances': array([6.58403268e-02, 7.03405993e+01, 1.00002450e-06, 1.00000350e-06,
       1.00000014e-06])}
#### N=200:  
{'GPR/kern/bias_variance': array(19.18713516), 'GPR/kern/weight_variances': array([7.04510770e+00, 4.93050781e+00, 1.01833265e-05, 1.00000217e-06,
       1.54545247e-06]), 'GPR/mean_function/b': array([[ 0.46865755,  1.77499426,  0.986976  , -0.04573806,  7.17467424]]), 'GPR/kern/variance': array(0.69211221), 'GPR/mean_function/A': array([[  3.58934082,   0.53745242,  -3.96172961,  -0.24304281,
         13.20368288],
       [  0.10045727,   2.77405292,  -0.23339365,  -1.72729803,
          2.32382909],
       [ -4.71414717,  -1.54308802,   6.15329482,   1.00454835,
        -29.32055914],
       [ -0.03475641,  -1.29571468,   0.050947  ,   0.69880587,
         -0.11904167],
       [  1.60985103,   0.85039853,  -2.15440433,  -0.5754755 ,
         10.63515402]])}
#### N=300:  
{'GPR/kern/variance': array(7.48163261), 'GPR/kern/bias_variance': array(0.41431878), 'GPR/mean_function/b': array([[0.84932229, 1.13481658, 0.57672043, 0.62784539, 6.65175384]]), 'GPR/mean_function/A': array([[  3.32686169,   0.50806177,  -3.65039426,  -0.44232319,
         12.59206368],
       [  0.43218157,   2.57128999,  -0.79610387,  -1.56097126,
          5.24997701],
       [ -4.77483643,  -0.57346807,   6.16122424,   0.44448914,
        -27.50316123],
       [  0.2841756 ,  -2.58175009,  -0.39575936,   1.50552151,
          1.67788485],
       [  1.71291871,   0.37331897,  -2.25142421,  -0.27499076,
          9.9176487 ]]), 'GPR/kern/weight_variances': array([4.63921769e-01, 4.63704354e+01, 4.38555934e-01, 3.35204690e+00,
       1.00000124e-06])}
#### N=400:  
{'GPR/mean_function/A': array([[ 3.12403805e+00,  3.47991676e-01, -3.33228158e+00,
        -2.93033500e-01,  1.01275849e+01],
       [ 5.60735901e-01,  2.51454134e+00, -1.00100394e+00,
        -1.58937962e+00,  6.62040661e+00],
       [-4.33945355e+00, -1.49617564e-01,  5.50618876e+00,
        -1.33702806e-02, -2.30692655e+01],
       [ 4.04439405e-01, -3.32106070e+00, -7.43541968e-01,
         2.10746675e+00,  5.53251637e+00],
       [ 1.44294677e+00,  1.37649764e-01, -1.83720295e+00,
        -2.69763565e-02,  6.99336461e+00]]), 'GPR/mean_function/b': array([[0.92410425, 1.1575315 , 0.47786433, 0.58504661, 6.89205493]]), 'GPR/kern/bias_variance': array(0.19609979), 'GPR/kern/weight_variances': array([2.47501124e-01, 4.91061367e+01, 2.59088489e-01, 1.94255302e+00,
       1.00000009e-06]), 'GPR/kern/variance': array(18.56613265)}
#### N=500:  
{'GPR/mean_function/b': array([[0.88538114, 1.30341497, 0.55713492, 0.48246112, 6.34540648]]), 'GPR/kern/weight_variances': array([2.57288184e-01, 5.22347676e+01, 2.65623154e-01, 2.66554048e+00,
       1.00000000e-06]), 'GPR/mean_function/A': array([[ 3.22570471e+00,  2.06958379e-01, -3.47693368e+00,
        -1.88292095e-01,  1.08464626e+01],
       [ 5.89064725e-01,  3.17633745e+00, -1.02147536e+00,
        -2.02547175e+00,  6.45272208e+00],
       [-4.53673260e+00,  9.49710310e-02,  5.78163721e+00,
        -1.85937730e-01, -2.44005336e+01],
       [ 4.67065736e-01, -3.73647174e+00, -9.02246476e-01,
         2.40757278e+00,  7.33434264e+00],
       [ 1.57199471e+00,  1.10501084e-02, -2.01445846e+00,
         6.87408474e-02,  7.84511204e+00]]), 'GPR/kern/bias_variance': array(0.21824492), 'GPR/kern/variance': array(16.17110399)}
#### N=1000:  
{'GPR/kern/bias_variance': array(0.36816234), 'GPR/kern/variance': array(23.1461026), 'GPR/mean_function/A': array([[  3.29895824,  -0.3164154 ,  -3.53582767,   0.32762973,
          9.33393907],
       [ -0.07840782,   0.71714775,   0.07994299,  -0.51856083,
         -0.67389554],
       [ -4.7442978 ,   1.08767164,   6.17632758,  -1.23618074,
        -25.19641202],
       [  0.72238967,  -4.92322024,  -1.2235864 ,   3.37159156,
          7.36619978],
       [  1.32306847,  -0.51265676,  -1.61130332,   0.63474096,
          4.22929292]]), 'GPR/mean_function/b': array([[ 1.02602396,  1.72692504,  0.21198111,  0.08973027, 10.23581016]]), 'GPR/kern/weight_variances': array([2.33919415e-01, 6.40015812e+01, 2.29936372e-01, 1.54049871e+00,
       1.00000000e-06])}
#### N=2000:  
{'GPR/mean_function/b': array([[ 1.54055691,  2.25958254, -0.68630788, -0.29185179, 16.23767765]]), 'GPR/kern/bias_variance': array(0.42055584), 'GPR/mean_function/A': array([[  3.50091102,  -0.56039202,  -3.94091196,   0.41794022,
         12.05911965],
       [  0.077084  ,   1.50583368,  -0.13553081,  -1.05121991,
          0.45516213],
       [ -4.67680743,   2.07624031,   6.27969914,  -1.7420741 ,
        -27.22759733],
       [  0.97859717,  -6.92790481,  -1.91301048,   4.88757489,
         14.61589899],
       [  0.75250208,  -1.59381707,  -0.74679415,   1.25789427,
         -0.84151587]]), 'GPR/kern/weight_variances': array([2.51778492e-01, 2.37691678e+01, 2.93779976e-01, 3.28240605e+00,
       2.15557005e-05]), 'GPR/kern/variance': array(14.86479249)}
