#### N=100:  
{'GPR/mean_function/A': array([[ 2.52161929e+00, -1.00292910e+00, -2.09528892e+00,
         7.30456173e-01,  1.75787237e+00],
       [ 9.26406167e-03,  2.10977786e+00, -5.40392055e-02,
        -1.15651218e+00,  6.98647289e-01],
       [-3.21163996e+00,  1.87487731e+00,  2.97923938e+00,
        -1.33730913e+00, -2.81498313e+00],
       [ 1.98330609e-03, -1.76982754e+00,  3.78178934e-02,
         1.06189330e+00, -6.15239626e-01],
       [ 1.36985868e+00, -1.03070662e+00, -1.32966766e+00,
         7.16214844e-01,  1.20265339e+00]]), 'GPR/kern/variance': array([0.75394059, 0.79913695, 5.26396539, 0.71446417, 0.04616134]), 'GPR/mean_function/b': array([[0.33948188, 0.99452689, 1.4445582 , 0.7429012 , 0.76099779]])}
#### N=200:  
{'GPR/mean_function/A': array([[ 2.1471892 , -0.31183114, -1.78569191,  0.29929664,  1.26266342],
       [ 0.04371512,  1.57369641, -0.08120972, -0.86127807,  0.61022413],
       [-2.68284328,  0.43215184,  2.49526777, -0.44183287, -2.06044692],
       [-0.03411121, -1.21367471,  0.06508738,  0.73637266, -0.51270725],
       [ 1.1100927 , -0.1502699 , -1.08512938,  0.17238297,  0.90649702]]), 'GPR/kern/variance': array([2.58291615, 0.91039602, 5.49743151, 0.65981951, 0.84507527]), 'GPR/mean_function/b': array([[0.34629673, 0.81481844, 1.44126726, 0.85504643, 0.75793441]])}
#### N=300:  
{'GPR/mean_function/A': array([[ 3.62361549e-07,  2.13240249e-07,  2.27647027e-07,
         2.93248141e-07,  3.73206330e-07],
       [ 2.45261813e-08,  2.39179718e-07,  8.45664331e-08,
        -4.83557828e-08,  9.77071135e-08],
       [-5.00162356e-07, -3.71900140e-07, -4.60389061e-07,
        -4.99617179e-07, -6.29319858e-07],
       [-1.72099545e-08, -1.80618660e-07, -6.02620189e-08,
         4.86371531e-08, -7.50778737e-08],
       [ 2.18844802e-07,  1.81735727e-07,  2.35572413e-07,
         2.38533924e-07,  2.93504742e-07]]), 'GPR/mean_function/b': array([[0.35811258, 0.82110407, 1.42407634, 0.85350163, 0.83674301]]), 'GPR/kern/variance': array([1.0000007 , 1.00000003, 1.00000211, 0.99999997, 1.00000039])}
#### N=400:  
{'GPR/mean_function/A': array([[ 2.36877785e-04, -3.66238455e-05, -1.86773273e-04,
         2.85712165e-05,  4.44590663e-05],
       [-1.62471795e-06,  1.73996091e-04,  5.31596801e-07,
        -9.35280589e-05,  1.90478643e-05],
       [-2.87577158e-04,  6.47435049e-05,  2.53299813e-04,
        -4.99880556e-05, -6.78829585e-05],
       [ 1.81802378e-06, -1.31829486e-04, -9.09568314e-07,
         7.92174712e-05, -1.56668135e-05],
       [ 1.17398574e-04, -3.19229222e-05, -1.08976795e-04,
         2.43309797e-05,  2.69541068e-05]]), 'GPR/kern/variance': array([1.00007271, 0.99996741, 1.00019217, 0.99993835, 0.99994645]), 'GPR/mean_function/b': array([[0.36954942, 0.82255407, 1.40657865, 0.85678026, 0.9331583 ]])}
#### N=500:  
{'GPR/mean_function/A': array([[ 3.48016020e-05, -4.16764656e-06, -2.73525338e-05,
         3.52956211e-06,  1.00350845e-05],
       [-1.26881820e-07,  2.55182456e-05,  7.58204287e-09,
        -1.36447969e-05,  2.82077315e-06],
       [-4.23479964e-05,  7.25393696e-06,  3.71378146e-05,
        -6.08772209e-06, -1.56938184e-05],
       [ 1.67269081e-07, -1.93715618e-05, -6.16887266e-08,
         1.15852966e-05, -2.31522858e-06],
       [ 1.73201558e-05, -3.55554971e-06, -1.59903048e-05,
         2.94066405e-06,  6.49464820e-06]]), 'GPR/kern/variance': array([1.00001157, 0.99999525, 1.00003057, 0.99999102, 0.9999926 ]), 'GPR/mean_function/b': array([[0.36981207, 0.82330969, 1.40730108, 0.85637092, 0.9133957 ]])}
#### N=1000:  
{'GPR/mean_function/A': array([[ 1.72138797e-04, -3.05441587e-06, -1.36687681e-04,
         3.79475167e-06,  3.56125150e-05],
       [-3.65862371e-07,  1.24599005e-04,  4.11706110e-07,
        -6.59151915e-05, -1.78816062e-07],
       [-2.10060928e-04,  5.54658365e-06,  1.86503074e-04,
        -6.73987263e-06, -5.72455897e-05],
       [ 3.68006319e-07, -9.44008955e-05, -4.01018246e-07,
         5.58531221e-05,  8.14218904e-08],
       [ 8.60878631e-05, -2.72118158e-06, -8.05781326e-05,
         3.24877878e-06,  2.42622214e-05]]), 'GPR/kern/variance': array([1.00005309, 0.99997356, 1.00013789, 0.99995409, 0.99996201]), 'GPR/mean_function/b': array([[0.36949197, 0.78944567, 1.40495684, 0.87917755, 0.96872953]])}
#### N=2000:  
{'GPR/mean_function/b': array([[0.37400768, 0.77289246, 1.39945656, 0.89047749, 0.98444614]]), 'GPR/mean_function/A': array([[ 4.19746493e-08,  2.87075325e-08,  2.78293720e-08,
         3.17691138e-08,  4.04452992e-08],
       [ 2.67412900e-09,  2.62376701e-08,  9.79104953e-09,
        -4.76404096e-09,  6.15904793e-09],
       [-5.74831694e-08, -4.93605205e-08, -5.55346294e-08,
        -5.39823858e-08, -6.85048308e-08],
       [-1.94511511e-09, -1.95556731e-08, -6.98605547e-09,
         4.78348868e-09, -4.33655165e-09],
       [ 2.50110661e-08,  2.38211061e-08,  2.81812345e-08,
         2.57252321e-08,  3.23516938e-08]]), 'GPR/kern/variance': array([1.00000008, 1.        , 1.00000023, 1.        , 1.00000004])}
