#### N=100:  
{'GPR/kern/kernels/1/lengthscales': array([16.39639936, 22.46628639, 66.79220263, 58.03182954, 77.12072657]), 'GPR/kern/kernels/1/variance': array(1.e-06), 'GPR/mean_function/A': array([[ 4.24759873e+00,  1.20117282e+00, -5.03547880e+00,
        -7.86965333e-01,  1.87419083e+01],
       [ 2.38728463e-01,  3.84645594e+00, -7.15303491e-01,
        -2.72168768e+00,  7.79110676e+00],
       [-5.68844893e+00, -2.10350929e+00,  7.86887736e+00,
         1.62455969e+00, -4.11694718e+01],
       [-3.22651159e-02, -1.53278872e+00,  8.89067436e-02,
         7.48002549e-01,  5.46192657e-01],
       [ 1.52082764e+00,  1.02221101e+00, -2.13575696e+00,
        -8.56236049e-01,  1.25872322e+01]]), 'GPR/mean_function/b': array([[  0.10931254,  -3.66721415,   2.19654876,   5.11168136,
        -10.3297485 ]]), 'GPR/kern/kernels/0/variance': array(207.0734127), 'GPR/kern/kernels/0/lengthscales': array([ 1.75641929,  1.09078256,  1.37692027,  3.24228851, 62.06450984])}
#### N=200:  
{'GPR/mean_function/b': array([[ -0.73047506, -11.25495208,  11.79577841,  19.2720439 ,
        -67.47171529]]), 'GPR/mean_function/A': array([[  7.6662904 ,   0.19948859,  -9.81358043,   0.81743947,
         37.04152475],
       [  0.16355917,   8.79021857,  -3.32127214,  -9.01309966,
         37.65320259],
       [ -8.59060135,  -3.92658052,  12.23324088,   2.65163877,
        -77.98395021],
       [  0.62295412,  -3.95112273,  -0.58817026,   2.63522666,
         -4.35590529],
       [  0.92068179,   2.13960948,  -1.41495345,  -1.58131996,
         13.9131495 ]]), 'GPR/kern/kernels/1/lengthscales': array([  74.26537416,   36.91863491, 1664.89688925, 1624.25764601,
       1945.13354509]), 'GPR/kern/kernels/1/variance': array(1.e-06), 'GPR/kern/kernels/0/lengthscales': array([   1.40090579,    1.5631496 ,    2.06656857,  928.41066914,
       1258.11865747]), 'GPR/kern/kernels/0/variance': array(3302.03558757)}
#### N=300:  
{'GPR/mean_function/A': array([[  16.54013842,  -14.39972431,  -21.39160998,   12.07679534,
          37.52644852],
       [  -6.25665503,   19.56131167,    2.00286308,  -16.43332414,
          63.86072026],
       [ -15.84267129,   -2.00000098,   16.78255683,   -6.09657756,
        -115.79893944],
       [   0.36441596,   -3.80218209,   -0.8494686 ,    2.15682262,
           3.15389074],
       [   1.74945774,    0.97859851,   -2.60143768,   -0.39536629,
          17.0204683 ]]), 'GPR/kern/kernels/1/lengthscales': array([1253.96128231, 2724.9181945 , 6966.53140136, 7460.00277425,
       7729.61732999]), 'GPR/kern/kernels/0/variance': array(16694.74806971), 'GPR/kern/kernels/0/lengthscales': array([1.58621420e+00, 1.80620882e+00, 2.29601670e+00, 3.11362084e+03,
       4.47492039e+03]), 'GPR/mean_function/b': array([[   5.79984226,  -24.64110143,   28.70938027,   50.80993464,
        -140.58298997]]), 'GPR/kern/kernels/1/variance': array(1.e-06)}
#### N=400:  
{'GPR/kern/kernels/0/lengthscales': array([1.63345609e+00, 1.90515318e+00, 2.15897787e+00, 4.31650155e+03,
       6.78764928e+03]), 'GPR/mean_function/A': array([[-2.66803430e+01,  3.36757103e+00, -5.82006764e+01,
        -3.96764049e+01,  5.88184208e+01],
       [-1.21145482e+00,  5.78593686e+01, -1.54866323e+01,
        -6.53390896e+01,  7.88291022e+01],
       [ 3.59138051e+01,  7.04653851e+00,  2.79399312e+01,
         9.77301644e+00, -1.21643594e+02],
       [ 7.03464394e-01, -1.12838688e+00, -2.12710587e+00,
        -5.34405325e-01,  1.55944935e+01],
       [ 1.59680435e+00,  8.13894492e-02, -2.47863639e+00,
         5.70560910e-02,  8.23424708e+00]]), 'GPR/kern/kernels/0/variance': array(21163.43459132), 'GPR/kern/kernels/1/lengthscales': array([ 4300.19072002,  6138.84104279, 10676.90080395, 12205.82238969,
       10564.2602299 ]), 'GPR/kern/kernels/1/variance': array(1.e-06), 'GPR/mean_function/b': array([[ -17.56269666, -245.22371621,  135.33641114,  332.97512377,
        -437.6543124 ]])}
#### N=500:  
{'GPR/mean_function/A': array([[  -4.0464774 ,    2.56713266,  -31.4271375 ,  -13.60441229,
          47.14988548],
       [   9.89378389,   37.66749221,  -17.33279406,  -43.02886225,
          35.53658603],
       [   9.72992645,   21.22541197,   18.80931476,  -12.12690759,
        -113.12638305],
       [  -0.21728302,    0.34196778,   -0.66682623,   -1.57583651,
           4.89226775],
       [   1.82045057,   -0.79084868,   -2.82121148,    0.65798341,
          12.89070884]]), 'GPR/mean_function/b': array([[  -1.98041437, -201.03186376,   75.63647303,  251.07871533,
        -138.91507933]]), 'GPR/kern/kernels/1/lengthscales': array([3154.21148778, 3069.20547756, 6715.6884669 , 8314.04736029,
       6642.93497253]), 'GPR/kern/kernels/1/variance': array(1.e-06), 'GPR/kern/kernels/0/lengthscales': array([1.50524394e+00, 1.72663488e+00, 2.11226676e+00, 2.69644900e+03,
       4.48295050e+03]), 'GPR/kern/kernels/0/variance': array(13562.88181672)}
#### N=1000:  
{'GPR/kern/kernels/0/lengthscales': array([1.42697131e+00, 1.44398049e+00, 1.33567004e+00, 3.22292273e+03,
       4.44837778e+03]), 'GPR/mean_function/A': array([[-41.55209604,  20.52956539,  16.89998651, -21.33510941,
         14.0516858 ],
       [ 29.27264685,  -6.49471859, -31.18328834, -11.80024917,
          4.97849308],
       [ 80.90339344,  20.16201752, -38.79053168,   5.03540388,
        -19.41993021],
       [ -3.37038003,   4.04270283,  -0.12317275,  -7.09762786,
         -5.29366129],
       [ -1.96341135,  -0.56011508,   0.82574256,  -0.39158296,
          3.66327653]]), 'GPR/kern/kernels/0/variance': array(12892.5629645), 'GPR/mean_function/b': array([[  -3.2051765 , -129.4286206 ,   51.07535042,  170.56847943,
          75.27656197]]), 'GPR/kern/kernels/1/variance': array(1.e-06), 'GPR/kern/kernels/1/lengthscales': array([3460.65635465, 4645.90489973, 5347.97106114, 6457.64696033,
       5502.35743637])}
#### N=2000:  
{'GPR/kern/kernels/1/lengthscales': array([24969.1960283 , 13218.30537743, 18039.5556295 , 28495.12297617,
       15761.0772282 ]), 'GPR/kern/kernels/0/variance': array(34165.94691473), 'GPR/mean_function/b': array([[ -43.50117459, -345.98352796,  141.17791489,  410.95933861,
        -117.17246377]]), 'GPR/mean_function/A': array([[-1.40851349e+02,  4.68128354e+01,  5.71225366e+01,
        -8.22005181e+01, -1.46018755e+01],
       [ 1.74199106e+01,  1.59381852e+01, -6.81916718e+01,
        -8.74210993e+01,  8.53548628e+01],
       [ 6.06053065e+01, -2.46020684e+01, -1.11530963e+01,
         5.10890384e+01, -5.54821863e+01],
       [-3.65111716e-01,  1.06114506e+00,  1.10455665e+00,
        -5.91392436e-01, -4.87303375e-02],
       [ 2.84100264e-01,  1.61020871e+00, -6.32055261e-03,
        -9.58067416e-01,  4.22326237e+00]]), 'GPR/kern/kernels/0/lengthscales': array([1.50410186e+00, 1.56106992e+00, 1.37917619e+00, 9.28888936e+03,
       1.55977108e+04]), 'GPR/kern/kernels/1/variance': array(1.e-06)}
#### N=3000:  
{'GPR/mean_function/A': array([[-1.91549673e+01,  7.57294305e+00, -4.22845039e+01,
        -2.75959087e+01,  1.83243542e+02],
       [-1.48981546e+01,  6.63614398e+00, -3.92797299e+01,
        -6.72260286e+01, -4.40684789e+01],
       [-3.16555897e+01, -5.11063102e+00,  4.47643827e+01,
        -3.38602749e+00, -3.01143461e+02],
       [-3.30720408e-01, -6.14511643e-01,  4.85460340e-01,
         4.90141126e-01, -2.03129875e+00],
       [ 3.15609968e-01,  4.70134853e-01, -4.38851316e-01,
        -2.16530645e-01,  2.89820074e+00]]), 'GPR/kern/kernels/1/variance': array(1.e-06), 'GPR/kern/kernels/1/lengthscales': array([14579.37345684,  8363.89011607, 10047.14999743, 15347.74440116,
        8504.30340801]), 'GPR/kern/kernels/0/variance': array(20417.02698093), 'GPR/mean_function/b': array([[   3.56639118, -156.23132321,  105.55880647,  249.0712765 ,
         125.74268079]]), 'GPR/kern/kernels/0/lengthscales': array([1.42129269e+00, 1.42275093e+00, 1.31909124e+00, 6.92910219e+03,
       1.04886418e+04])}
