#### N=100:  
{'GPR/kern/kernels/1/variance': array([ 4.40155009,  0.05072452, 12.49677863,  0.0375818 ,  0.14115045]), 'GPR/kern/kernels/0/lengthscales': array([ 1.21190094,  0.79852204, 11.44793819, 32.55106596,  1.05750851]), 'GPR/kern/kernels/0/variance': array(47.94103248), 'GPR/mean_function/b': array([[-0.3328986 , -0.51998541, -2.10534955, -0.82653126,  1.17236497]]), 'GPR/mean_function/A': array([[ 2.53118849e+00,  2.52246540e+00, -4.19413921e+00,
        -2.16401699e+00,  2.17609271e+01],
       [ 1.39203833e-01,  2.86120689e+00, -1.86921963e-02,
        -1.74220785e+00,  1.32832802e+00],
       [-7.41717110e+00, -7.06348179e+00,  1.11295654e+01,
         5.64341660e+00, -6.13654788e+01],
       [-5.00993190e-01, -2.85242820e+00,  2.84553107e-01,
         1.32979039e+00, -1.65436724e+00],
       [ 4.06854117e+00,  4.61243794e+00, -5.37023554e+00,
        -3.31531800e+00,  3.21234037e+01]])}
#### N=200:  
{'GPR/mean_function/A': array([[ 12.31274255,  -2.39752413, -10.07370039,   5.97008484,
         38.44044571],
       [  2.17037788,   9.56952968,  -3.16630688,  -8.28605099,
         47.11605646],
       [ -9.85329191,  -2.42654852,  14.9952042 ,   2.00362135,
        -81.59785668],
       [  0.73808596,  -3.83622976,  -0.42225207,   2.81075973,
         -4.31574085],
       [  0.72001648,   2.11790027,  -1.29430203,  -1.64198186,
         13.93114048]]), 'GPR/kern/kernels/1/variance': array([1.00000000e-06, 1.00000000e-06, 1.15305345e+02, 1.00000000e-06,
       1.00000000e-06]), 'GPR/mean_function/b': array([[  -4.85844723,  -17.12267558,   -2.16375095,    9.8064441 ,
        -100.77692128]]), 'GPR/kern/kernels/0/variance': array(4879.2467069), 'GPR/kern/kernels/0/lengthscales': array([1.45766091e+00, 1.64415587e+00, 2.18654981e+00, 4.21675433e+03,
       2.93304253e+03])}
#### N=300:  
{'GPR/kern/kernels/0/variance': array(3110.31326625), 'GPR/mean_function/b': array([[-17.06651207, -30.29550065, -43.26181441, -20.95269802,
        -70.31581395]]), 'GPR/kern/kernels/1/variance': array([2.25937595e+02, 1.00007187e-06, 3.90821739e+02, 1.00000000e-06,
       1.00000000e-06]), 'GPR/mean_function/A': array([[  -5.38875747,    1.55359565,   -5.24496343,   -3.21534988,
          56.23109058],
       [   2.72203069,   13.06494865,    6.80438437,   -2.72685352,
          29.73314797],
       [  -5.3167767 ,   -1.04127473,   15.945001  ,    2.46485144,
        -107.12939103],
       [   0.8235502 ,   -3.0906129 ,    0.57832762,    3.16240832,
           0.68552511],
       [   1.6238319 ,    0.94123066,   -3.33543613,   -1.06051474,
          19.10286927]]), 'GPR/kern/kernels/0/lengthscales': array([1.36789765e+00, 1.42102750e+00, 1.88472801e+00, 2.13102163e+03,
       1.63406779e+03])}
#### N=400:  
{'GPR/kern/kernels/0/lengthscales': array([1.65018167e+00, 1.91462989e+00, 2.15016285e+00, 1.19839159e+04,
       9.08244905e+03]), 'GPR/mean_function/b': array([[ -32.90987048, -161.38901412,   23.33996864,  145.23961783,
        -423.79609175]]), 'GPR/kern/kernels/1/variance': array([1.53494586e+03, 1.00000000e-06, 2.17825692e+03, 1.00000000e-06,
       1.00000000e-06]), 'GPR/mean_function/A': array([[ -40.18201756,   -0.5364689 ,  -31.42359193,  -44.30344998,
        -100.39092378],
       [   6.38576477,   45.56418481,    6.56261858,  -27.27403388,
          67.69615178],
       [ -35.1647342 ,   15.28490391,   34.31569579,  -23.15213185,
        -112.70610848],
       [   0.69935424,   -1.60760115,   -0.8167419 ,    1.14540185,
          16.01287619],
       [   1.90965578,    0.25560161,   -2.53017963,   -0.1493027 ,
           8.22435402]]), 'GPR/kern/kernels/0/variance': array(22240.15836943)}
#### N=500:  
{'GPR/mean_function/A': array([[ -18.70820787,    0.87404749,  -28.50584587,  -28.97043151,
         -39.73728969],
       [   2.48807459,    8.9929821 ,  -12.42697474,  -21.02340364,
          47.1888872 ],
       [ -38.58403719,   11.27565312,   33.24416805,  -23.54258035,
        -172.72851534],
       [   0.72577781,    0.19883026,   -0.49315019,   -0.47513216,
           4.8894232 ],
       [   2.28538088,   -0.95620872,   -2.90378976,    0.97781062,
          13.28751025]]), 'GPR/mean_function/b': array([[  -8.29084162, -129.11426814,   23.29439187,  133.51327236,
        -117.92189564]]), 'GPR/kern/kernels/0/variance': array(12528.03497425), 'GPR/kern/kernels/1/variance': array([8.24641694e+02, 1.00000000e-06, 1.22397936e+03, 1.00000000e-06,
       1.00000000e-06]), 'GPR/kern/kernels/0/lengthscales': array([1.49443662e+00, 1.71084201e+00, 2.08024888e+00, 5.95181511e+03,
       4.41434926e+03])}
#### N=1000:  
{'GPR/mean_function/b': array([[ -38.20945175, -244.84593025,   23.36053553,  247.00248885,
         157.58345858]]), 'GPR/mean_function/A': array([[-138.24879505,  -14.20202519, -104.42272208, -146.21432014,
          22.00690909],
       [   2.24807183,   16.11379964,  -21.26620031,  -46.83830903,
         -12.21976969],
       [ -92.17831226,   -9.62461752,   11.5663706 ,  -66.89043195,
        -438.86269349],
       [  -0.49507518,    2.83732303,   -2.21841147,   -6.81318509,
          -2.76713817],
       [  -7.65720668,   16.59260141,  -20.98536395,  -25.24354171,
         131.51422537]]), 'GPR/kern/kernels/0/variance': array(33805.60463465), 'GPR/kern/kernels/1/variance': array([2.70343555e+03, 1.00000000e-06, 4.21311594e+03, 1.00000000e-06,
       6.22540464e+02]), 'GPR/kern/kernels/0/lengthscales': array([1.53072353e+00, 1.62861703e+00, 1.53455628e+00, 1.84099408e+04,
       1.56375318e+04])}
#### N=2000:  
{'GPR/kern/kernels/0/lengthscales': array([1.35772917e+00, 1.39583858e+00, 1.25853521e+00, 5.07967254e+03,
       5.12191398e+03]), 'GPR/mean_function/A': array([[ 4.57877414e+01, -5.64912353e-01, -6.67656878e+01,
        -7.60458244e+00,  2.33610468e+02],
       [-9.64599262e+00, -2.50063259e+01, -4.33150842e+01,
        -3.29087029e+01, -1.06021682e+01],
       [-4.36483016e+01, -8.80426093e+00,  5.38156825e+01,
         8.82368238e-01, -3.21825111e+02],
       [-7.76786907e-03,  8.60091426e-01,  5.89314970e-01,
        -7.30012819e-01,  1.33093934e+00],
       [ 4.49350959e+00,  2.04566538e+00, -5.00847190e+00,
         1.22976837e+00,  4.34574752e+01]]), 'GPR/kern/kernels/0/variance': array(12757.35796915), 'GPR/kern/kernels/1/variance': array([7.47057966e+02, 4.56911598e-01, 1.19901362e+03, 1.00000000e-06,
       2.00818357e+02]), 'GPR/mean_function/b': array([[ 27.02776004, -50.998858  , 173.83083661, 219.42661719,
         25.98021596]])}
