1.564903408288955688e-01
-4.795480668544769287e-01
-8.076264858245849609e-01
-1.473111063241958618e-01
3.190184012055397034e-02
-2.259700596332550049e-01
1.125753298401832581e-01
-2.952248454093933105e-01
3.113340213894844055e-02
1.282784938812255859e-01
-5.464366078376770020e-01
2.713232934474945068e-01
1.926233023405075073e-01
-3.085542321205139160e-01
-1.849028915166854858e-01
-1.478092372417449951e-01
-3.245959281921386719e-01
3.656831085681915283e-01
1.140712648630142212e-01
3.770534694194793701e-01
