-3.172205984592437744e-01
1.438528951257467270e-02
-2.340599149465560913e-01
1.577873378992080688e-01
4.689798057079315186e-01
-1.405364722013473511e-01
-5.695232152938842773e-01
-5.322737693786621094e-01
-2.121815085411071777e-01
-5.087332725524902344e-01
8.277541399002075195e-01
-4.630948901176452637e-01
3.651841580867767334e-01
4.379168152809143066e-01
-2.891963124275207520e-01
-9.491508826613426208e-03
2.406986653804779053e-01
-1.725067496299743652e-01
1.185228005051612854e-01
-4.475817978382110596e-01
5.645759403705596924e-02
1.942168027162551880e-01
-4.458431527018547058e-02
-2.556092143058776855e-01
4.657947421073913574e-01
-5.367143452167510986e-02
-4.909136891365051270e-02
-3.192190825939178467e-01
1.087003722786903381e-01
9.710840880870819092e-02
-1.041864007711410522e-01
-3.686822354793548584e-01
4.453504979610443115e-01
2.026218324899673462e-01
8.108162879943847656e-02
-2.716200947761535645e-01
-1.254352778196334839e-01
3.824430406093597412e-01
-4.136571884155273438e-01
-1.802017390727996826e-01
