-1.836636960506439209e-01
1.776265501976013184e-01
-2.670048363506793976e-02
-2.239033766090869904e-02
3.753164317458868027e-03
-1.345085799694061279e-01
-3.048171103000640869e-01
-4.760157316923141479e-03
-3.992373347282409668e-01
-5.909160245209932327e-03
-2.111225873231887817e-01
9.414370357990264893e-02
4.410049691796302795e-02
1.726599037647247314e-01
-1.947896629571914673e-01
1.691101640462875366e-01
-6.474851071834564209e-02
-1.188784688711166382e-01
-9.666211158037185669e-02
3.652725368738174438e-02
