-5.969975590705871582e-01
1.237584576010704041e-01
1.796311587095260620e-01
2.135189622640609741e-02
4.183526635169982910e-01
2.525631897151470184e-02
7.370991259813308716e-02
3.274020254611968994e-01
-2.339996695518493652e-01
-1.100983191281557083e-02
-3.066560029983520508e-01
-1.425884127616882324e+00
-2.706724405288696289e-01
-3.020319044589996338e-01
-7.129278779029846191e-01
6.287489831447601318e-02
-3.711369261145591736e-02
2.247544825077056885e-01
-2.241498325020074844e-03
2.028462439775466919e-01
-2.019222974777221680e-01
3.958851993083953857e-01
-5.201917290687561035e-01
-1.127675056457519531e+00
5.514652132987976074e-01
-2.007742226123809814e-01
-1.513067334890365601e-01
6.516451481729745865e-03
-2.531037665903568268e-03
2.952253818511962891e-01
4.660892486572265625e-01
2.908560931682586670e-01
-1.893880069255828857e-01
-2.476150542497634888e-02
1.433998644351959229e-01
-6.805850267410278320e-01
2.670964598655700684e-01
-5.991668906062841415e-03
8.965993300080299377e-03
-5.580794215202331543e-01
