7.288863062858581543e-01
-1.996098011732101440e-01
1.539754718542098999e-01
-1.368383169174194336e-01
-2.230852693319320679e-01
1.193056941032409668e+00
2.699724435806274414e-01
1.247467938810586929e-02
-2.150023728609085083e-01
-2.774361073970794678e-01
5.947321057319641113e-01
7.992445677518844604e-02
9.567257761955261230e-01
2.357585728168487549e-01
3.474895656108856201e-01
7.005633115768432617e-01
-5.487405881285667419e-02
-1.764308810234069824e-01
5.347829312086105347e-03
-2.722165286540985107e-01
