7.083122432231903076e-02
-2.852696478366851807e-01
2.650303244590759277e-01
1.517068445682525635e-01
3.126278519630432129e-01
-2.499376535415649414e-01
2.923946827650070190e-03
1.951875090599060059e-01
-1.423324644565582275e-01
-4.127158820629119873e-01
2.957606315612792969e-01
6.285769939422607422e-01
-3.050056397914886475e-01
-4.678689241409301758e-01
1.401610523462295532e-01
1.320995837450027466e-01
-4.937973916530609131e-01
2.732725441455841064e-01
-9.368544816970825195e-02
-9.722588956356048584e-02
1.046088784933090210e-01
-3.149802237749099731e-02
-6.840576231479644775e-02
2.009411603212356567e-01
-2.062143683433532715e-01
-4.104831814765930176e-01
2.224580198526382446e-01
8.948236703872680664e-02
4.572770297527313232e-01
-2.288271784782409668e-01
-6.414230912923812866e-03
-5.230573937296867371e-02
-2.356806099414825439e-01
5.741712450981140137e-01
-3.120658099651336670e-01
1.293461956083774567e-02
2.968333661556243896e-01
9.162195026874542236e-02
7.138522267341613770e-01
-2.675459980964660645e-01
