3.269491791725158691e-01
-2.131838118657469749e-03
-4.061238169670104980e-01
-4.316996410489082336e-02
3.318905532360076904e-01
-2.013941667973995209e-02
1.031672433018684387e-01
2.316342443227767944e-01
-2.587298750877380371e-01
5.485950782895088196e-02
1.040385589003562927e-01
-8.015941828489303589e-02
-4.296490848064422607e-01
-3.479528427124023438e-01
3.613271713256835938e-01
-1.064738705754280090e-01
3.873260021209716797e-01
-3.165556788444519043e-01
-1.745368987321853638e-01
-3.166686296463012695e-01
